# #E, E1, M1
0.000000000000000000e+00 9.452457088173761719e-09 0.000000000000000000e+00
4.000000000000000083e-02 9.495717413007092905e-09 4.023094177580829565e-10
8.000000000000000167e-02 9.539154648594667206e-09 8.056838997995687150e-10
1.199999999999999956e-01 9.582945777963517830e-09 1.211195021273533743e-09
1.600000000000000033e-01 9.627267928732962447e-09 1.619927441711317552e-09
2.000000000000000111e-01 9.672298445527491202e-09 2.032985604479046399e-09
2.399999999999999911e-01 9.718214962529956156e-09 2.451500626713665376e-09
2.800000000000000266e-01 9.765195476221898743e-09 2.876637446168472228e-09
3.200000000000000067e-01 9.813418418358227434e-09 3.309602293866119236e-09
3.599999999999999867e-01 9.863062729223502418e-09 3.751650564486370780e-09
4.000000000000000222e-01 9.914307931217461324e-09 4.204095159945552839e-09
4.400000000000000022e-01 9.967334202817620198e-09 4.668315385568469001e-09
4.799999999999999822e-01 1.002232245296721239e-08 5.145766482482935368e-09
5.200000000000000178e-01 1.007945439593704241e-08 5.637989884194600802e-09
5.600000000000000533e-01 1.013891262671029487e-08 6.146624289455755586e-09
5.999999999999999778e-01 1.020088069693984517e-08 6.673417647144097283e-09
6.400000000000000133e-01 1.026554319152802845e-08 7.220240151378922411e-09
6.800000000000000488e-01 1.033308580587954504e-08 7.789098345777569097e-09
7.199999999999999734e-01 1.040369542387865840e-08 8.382150433565050526e-09
7.600000000000000089e-01 1.047756019664256821e-08 9.001722883787117209e-09
8.000000000000000444e-01 1.055486962210353719e-08 9.650328411225420782e-09
8.399999999999999689e-01 1.063581462547310195e-08 1.033068538618171192e-08
8.800000000000000044e-01 1.072058764064250667e-08 1.104573869659877348e-08
9.200000000000000400e-01 1.080938269257434234e-08 1.179868203435200998e-08
9.599999999999999645e-01 1.090239548074131889e-08 1.259298150376343660e-08
1.000000000000000000e+00 1.099982346366900249e-08 1.343240034523445550e-08
1.040000000000000036e+00 1.110186594464043231e-08 1.432102441954794133e-08
1.080000000000000071e+00 1.120872415862150358e-08 1.526328789473257991e-08
1.120000000000000107e+00 1.132060136046725637e-08 1.626399829914235966e-08
1.159999999999999920e+00 1.143770291447028322e-08 1.732835972820401527e-08
1.199999999999999956e+00 1.156023638531374227e-08 1.846199248863220845e-08
1.239999999999999991e+00 1.168841163049277650e-08 1.967094679628512277e-08
1.280000000000000027e+00 1.182244089426952086e-08 2.096170726814584738e-08
1.320000000000000062e+00 1.196253890322822577e-08 2.234118381384880045e-08
1.360000000000000098e+00 1.210892296349861039e-08 2.381668308123975615e-08
1.400000000000000133e+00 1.226181305971701640e-08 2.539585278717604422e-08
1.439999999999999947e+00 1.242143195579667699e-08 2.708658902307133548e-08
1.479999999999999982e+00 1.258800529757996234e-08 2.889689394776839812e-08
1.520000000000000018e+00 1.276176171744736550e-08 3.083466821238516482e-08
1.560000000000000053e+00 1.294293294095971641e-08 3.290741915835154160e-08
1.600000000000000089e+00 1.313175389561211856e-08 3.512186263311978330e-08
1.640000000000000124e+00 1.332846282178000526e-08 3.748339381231120236e-08
1.679999999999999938e+00 1.353330138593987803e-08 3.999540176401438840e-08
1.719999999999999973e+00 1.374651479624933791e-08 4.265840527992141722e-08
1.760000000000000009e+00 1.396835192057332790e-08 4.546899606872199366e-08
1.800000000000000044e+00 1.419906540704585957e-08 4.841859280366122139e-08
1.840000000000000080e+00 1.443891180725874923e-08 5.149203921072826259e-08
1.880000000000000115e+00 1.468815170217162302e-08 5.466612448382054865e-08
1.919999999999999929e+00 1.494704983083984171e-08 5.790816597606556018e-08
1.959999999999999964e+00 1.521587522205986335e-08 6.117486900861447542e-08
2.000000000000000000e+00 1.549490132903415605e-08 6.441175567671875471e-08
2.040000000000000036e+00 1.578440616716095420e-08 6.755351199996269140e-08
2.080000000000000071e+00 1.608467245505686321e-08 7.052560809476940760e-08
2.120000000000000107e+00 1.639598775892365285e-08 7.324746155950898849e-08
2.160000000000000142e+00 1.671864464037367147e-08 7.563721143842418933e-08
2.200000000000000178e+00 1.705294080783181045e-08 7.761785119004481464e-08
2.240000000000000213e+00 1.739917927163518774e-08 7.912408728656384460e-08
2.280000000000000249e+00 1.775766850295554062e-08 8.010895320630316706e-08
2.319999999999999840e+00 1.812872259667293465e-08 8.054905124920148894e-08
2.359999999999999876e+00 1.851266143833316391e-08 8.044742027968685849e-08
2.399999999999999911e+00 1.890981087532535406e-08 7.983344631691848975e-08
2.439999999999999947e+00 1.932050289242034895e-08 7.875983594970131664e-08
2.479999999999999982e+00 1.974507579181459467e-08 7.729726889967056565e-08
2.520000000000000018e+00 2.018387437782886656e-08 7.552774778111616352e-08
2.560000000000000053e+00 2.063725014641559241e-08 7.353776859850987927e-08
2.600000000000000089e+00 2.110556147963327613e-08 7.141226233563490146e-08
2.640000000000000124e+00 2.158917384525145285e-08 6.922991364866589826e-08
2.680000000000000160e+00 2.208846000165456311e-08 6.706008153861178262e-08
2.720000000000000195e+00 2.260380020821847377e-08 6.496123365695038280e-08
2.760000000000000231e+00 2.313558244133858809e-08 6.298061016553434000e-08
2.800000000000000266e+00 2.368420261629425758e-08 6.115475437949743034e-08
2.839999999999999858e+00 2.425006481513974405e-08 5.951055611686463287e-08
2.879999999999999893e+00 2.483358152081816385e-08 5.806651219380556181e-08
2.919999999999999929e+00 2.543517385770066020e-08 5.683398509544038007e-08
2.959999999999999964e+00 2.605527183875974591e-08 5.581831487703284728e-08
3.000000000000000000e+00 2.669431461959205574e-08 5.501970083319588585e-08
3.040000000000000036e+00 2.735275075951241089e-08 5.443381617176976224e-08
3.080000000000000071e+00 2.803103848994851681e-08 5.405215311059500644e-08
3.120000000000000107e+00 2.872964599037210686e-08 5.386212171448299640e-08
3.160000000000000142e+00 2.944905167201043431e-08 5.384694790564049228e-08
3.200000000000000178e+00 3.018974446958910245e-08 5.398543806075471928e-08
3.240000000000000213e+00 3.095222414136548110e-08 5.425170138890731851e-08
3.280000000000000249e+00 3.173700157771981286e-08 5.461494627133137327e-08
3.320000000000000284e+00 3.254459911857961560e-08 5.503948902970807366e-08
3.359999999999999876e+00 3.337555087996141532e-08 5.548512554253381454e-08
3.399999999999999911e+00 3.423040308992301834e-08 5.590800700304800736e-08
3.439999999999999947e+00 3.510971443422816102e-08 5.626211948468644620e-08
3.479999999999999982e+00 3.601405641203531797e-08 5.650138546129312181e-08
3.520000000000000018e+00 3.694401370193142955e-08 5.658228692964207400e-08
3.560000000000000053e+00 3.790018453864194363e-08 5.646677280802651633e-08
3.600000000000000089e+00 3.888318110075815536e-08 5.612509226311603232e-08
3.640000000000000124e+00 3.989362990983331722e-08 5.553813281680077284e-08
3.680000000000000160e+00 4.093217224121043341e-08 5.469887154271038836e-08
3.720000000000000195e+00 4.199946454695442630e-08 5.361267741624171592e-08
3.760000000000000231e+00 4.309617889127386329e-08 5.229640567506197280e-08
3.800000000000000266e+00 4.422300339882809957e-08 5.077644512904318361e-08
3.839999999999999858e+00 4.538064271632790152e-08 4.908605399622792831e-08
3.879999999999999893e+00 4.656981848784999677e-08 4.726240459723645895e-08
3.919999999999999929e+00 4.779126984429739213e-08 4.534374151375610713e-08
3.959999999999999964e+00 4.904575390745122365e-08 4.336696368247631487e-08
4.000000000000000000e+00 5.033404630907176833e-08 4.136580858572702153e-08
4.000000000000000000e+00 5.033404630907176833e-08 4.136580858572702153e-08
4.107382550335570315e+00 5.396595723504585705e-08 3.608417925475089112e-08
4.214765100671140630e+00 5.786341161424807246e-08 3.121654218780987623e-08
4.322147651006710944e+00 6.204359979547510802e-08 2.693834709440158127e-08
4.429530201342282147e+00 6.652489981631513797e-08 2.327883291264439621e-08
4.536912751677852462e+00 7.132697255770274993e-08 2.019185158280558067e-08
4.644295302013422777e+00 7.647086478041620806e-08 1.760232368264695513e-08
4.751677852348993092e+00 8.197912068764683130e-08 1.543099673184541293e-08
4.859060402684563407e+00 8.787590269659300117e-08 1.360545178121125263e-08
4.966442953020134610e+00 9.418712213890338531e-08 1.206377028644174471e-08
5.073825503355704925e+00 1.009405806430936340e-07 1.075476137547368396e-08
5.181208053691275239e+00 1.081661229796602111e-07 9.636812230997539851e-09
5.288590604026845554e+00 1.158958021687362198e-07 8.676350418775987696e-09
5.395973154362415869e+00 1.241640576572090200e-07 7.846345872337999022e-09
5.503355704697986184e+00 1.330079073626601498e-07 7.125008450025489890e-09
5.610738255033556499e+00 1.424671543494675867e-07 6.494714541460336667e-09
5.718120805369127702e+00 1.525846088405292896e-07 5.941146448694361173e-09
5.825503355704698016e+00 1.634063261670135549e-07 5.452612055099286909e-09
5.932885906040268331e+00 1.749818611066189191e-07 5.019510532408078534e-09
6.040268456375839534e+00 1.873645388434312330e-07 4.633913578729128393e-09
6.147651006711409849e+00 2.006117424814338739e-07 4.289236934027013152e-09
6.255033557046980164e+00 2.147852166365969983e-07 3.979982034432378127e-09
6.362416107382550479e+00 2.299513860915551456e-07 3.701532064298312750e-09
6.469798657718120793e+00 2.461816877883276645e-07 3.449990231522711280e-09
6.577181208053691108e+00 2.635529135170942712e-07 3.222050896543545917e-09
6.684563758389261423e+00 2.821475594829112260e-07 3.014896354359347786e-09
6.791946308724831738e+00 3.020541774377647254e-07 2.826113731141446529e-09
6.899328859060402053e+00 3.233677201816711014e-07 2.653627725586106438e-09
7.006711409395973256e+00 3.461898718806657274e-07 2.495645892258237248e-09
7.114093959731543571e+00 3.706293507256207819e-07 2.350613902122037578e-09
7.221476510067113885e+00 3.968021678553484075e-07 2.217178779807804929e-09
7.328859060402685088e+00 4.248318220706312898e-07 2.094158550125315885e-09
7.436241610738255403e+00 4.548494045451811447e-07 1.980517059742566334e-09
7.543624161073825718e+00 4.869935813665797281e-07 1.875342997762330842e-09
7.651006711409396033e+00 5.214104141967323765e-07 1.777832339165911119e-09
7.758389261744966348e+00 5.582529705370454508e-07 1.687273591319701292e-09
7.865771812080536662e+00 5.976806649828876772e-07 1.603035346191821393e-09
7.973154362416106977e+00 6.398582615127841163e-07 1.524555737349372108e-09
8.080536912751679068e+00 6.849544544853466621e-07 1.451333477084033229e-09
8.187919463087247607e+00 7.331399330364570731e-07 1.382920209628537922e-09
8.295302013422819698e+00 7.845848207206706296e-07 1.318913964810549305e-09
8.402684563758388236e+00 8.394553706964731194e-07 1.258953535280997607e-09
8.510067114093960328e+00 8.979097882581271994e-07 1.202713631686166025e-09
8.617449664429528866e+00 9.600930495303466104e-07 1.149900695404949395e-09
8.724832214765100957e+00 1.026130590991020515e-06 1.100249268972324719e-09
8.832214765100671272e+00 1.096120763453099747e-06 1.053518841017926911e-09
8.939597315436241587e+00 1.170125981451750983e-06 1.009491096217936612e-09
9.046979865771811902e+00 1.248162560631390320e-06 9.679675119839589818e-10
9.154362416107382217e+00 1.330189327949142685e-06 9.287672528642140365e-10
9.261744966442952531e+00 1.416095217867621984e-06 8.917253212841302976e-10
9.369127516778522846e+00 1.505686235592080456e-06 8.566909296035371637e-10
9.476510067114094937e+00 1.598672374916345220e-06 8.235260637548438819e-10
9.583892617449663476e+00 1.694655315513688697e-06 7.921042131429592010e-10
9.691275167785235567e+00 1.793117974793223076e-06 7.623092451880197810e-10
9.798657718120804105e+00 1.893417222618208007e-06 7.340344060017950025e-10
9.906040268456376197e+00 1.994781239792867063e-06 7.071814313096322501e-10
1.001342281879194651e+01 2.096313058466532073e-06 6.816597539452498475e-10
1.012080536912751683e+01 2.197001704743024640e-06 6.573857961232634247e-10
1.022818791946308714e+01 2.295742017855121847e-06 6.342823362900172877e-10
1.033557046979865746e+01 2.391363616515180508e-06 6.122779417127083783e-10
1.044295302013422777e+01 2.482668633273033024e-06 5.913064591279717710e-10
1.055033557046979809e+01 2.568476810100486486e-06 5.713065567652748986e-10
1.065771812080537018e+01 2.647675471954797281e-06 5.522213119137170118e-10
1.076510067114093872e+01 2.719270947021536359e-06 5.339978389347734652e-10
1.087248322147651081e+01 2.782437376600569531e-06 5.165869532562805760e-10
1.097986577181207934e+01 2.836558718509186278e-06 4.999428674296476027e-10
1.108724832214765144e+01 2.881260181665802759e-06 4.840229158055752838e-10
1.119463087248322175e+01 2.916426310021504133e-06 4.687873047942284627e-10
1.130201342281879207e+01 2.942204317093145101e-06 4.541988860327386544e-10
1.140939597315436238e+01 2.958992824500556849e-06 4.402229500938475337e-10
1.151677852348993270e+01 2.967417611681441601e-06 4.268270386407874787e-10
1.162416107382550301e+01 2.968297102564371587e-06 4.139807731706870668e-10
1.173154362416107332e+01 2.962600945034940697e-06 4.016556986964965936e-10
1.183892617449664542e+01 2.951405136101885591e-06 3.898251408996696020e-10
1.194630872483221395e+01 2.935846768546706560e-06 3.784640754459766093e-10
1.205369127516778427e+01 2.917080755702352684e-06 3.675490082977896565e-10
1.216107382550335636e+01 2.896239995337467913e-06 3.570578659804697504e-10
1.226845637583892668e+01 2.874399523877068339e-06 3.469698948702313263e-10
1.237583892617449699e+01 2.852544424488583009e-06 3.372655686679159194e-10
1.248322147651006730e+01 2.831540689034838485e-06 3.279265033090917809e-10
1.259060402684563762e+01 2.812107967471458893e-06 3.189353786371354986e-10
1.269798657718120793e+01 2.794793222942492385e-06 3.102758662336953947e-10
1.280536912751677825e+01 2.779944788712079106e-06 3.019325628611915171e-10
1.291275167785234856e+01 2.767687219200199731e-06 2.938909290256658302e-10
1.302013422818791888e+01 2.757898624672811377e-06 2.861372322161705330e-10
1.312751677852348919e+01 2.750193770337328756e-06 2.786584944196202658e-10
1.323489932885905951e+01 2.743917845263251421e-06 2.714424435482643993e-10
1.334228187919462982e+01 2.738157000242318523e-06 2.644774684511513496e-10
1.344966442953020191e+01 2.731771861326269187e-06 2.577525772116321400e-10
1.355704697986577223e+01 2.723458543927065615e-06 2.512573584604804417e-10
1.366442953020134254e+01 2.711837777217042186e-06 2.449819454589343782e-10
1.377181208053691286e+01 2.695566829396026788e-06 2.389169827282200489e-10
1.387919463087248317e+01 2.673462216196732776e-06 2.330535950221414795e-10
1.398657718120805349e+01 2.644615788535469818e-06 2.273833584573877949e-10
1.409395973154362380e+01 2.608485050336583229e-06 2.218982736325007173e-10
1.420134228187919412e+01 2.564941871704424523e-06 2.165907405811692523e-10
1.430872483221476443e+01 2.514271709832339870e-06 2.114535354188305819e-10
1.441610738255033475e+01 2.457125672715380843e-06 2.064797885536075315e-10
1.452348993288590506e+01 2.394436946334328859e-06 2.016629643435293329e-10
1.463087248322147715e+01 2.327318502463231443e-06 1.969968420918871686e-10
1.473825503355704747e+01 2.256959560303731192e-06 1.924754982815623184e-10
1.484563758389261778e+01 2.184534795813231374e-06 1.880932899573359814e-10
1.495302013422818810e+01 2.111134704651939762e-06 1.838448391726144123e-10
1.506040268456375841e+01 2.037719848662730850e-06 1.797250184237666594e-10
1.516778523489932873e+01 1.965097330141033834e-06 1.757289370014314075e-10
1.527516778523489904e+01 1.893915263363008864e-06 1.718519281937670145e-10
1.538255033557046936e+01 1.824670096957366000e-06 1.680895372817421585e-10
1.548993288590603967e+01 1.757721894095540374e-06 1.644375102712500231e-10
1.559731543624160999e+01 1.693313560285959815e-06 1.608917833111035087e-10
1.570469798657718030e+01 1.631591092896028990e-06 1.574484727498872597e-10
1.581208053691275062e+01 1.572622944648871278e-06 1.541038657882250244e-10
1.591946308724832271e+01 1.516417417989433132e-06 1.508544116863023917e-10
1.602684563758389302e+01 1.462937607092957575e-06 1.476967134894993531e-10
1.613422818791946156e+01 1.412113800868878010e-06 1.446275202377452391e-10
1.624161073825503365e+01 1.363853496395701238e-06 1.416437196267490338e-10
1.634899328859060574e+01 1.318049293237947546e-06 1.387423310915868450e-10
1.645637583892617428e+01 1.274584984145143538e-06 1.359204992852704157e-10
1.656375838926174282e+01 1.233340156620192112e-06 1.331754879268959283e-10
1.667114093959731491e+01 1.194193593799828951e-06 1.305046739957848025e-10
1.677852348993288700e+01 1.157025725788779033e-06 1.279055422497050951e-10
1.688590604026845554e+01 1.121720342435808495e-06 1.253756800467989564e-10
1.699328859060402408e+01 1.088165740237559748e-06 1.229127724522718723e-10
1.710067114093959617e+01 1.056255441907834867e-06 1.205145976122076580e-10
1.720805369127516826e+01 1.025888597994281608e-06 1.181790223780907292e-10
1.731543624161074035e+01 9.969701557659113243e-07 1.159039981667345531e-10
1.742281879194630889e+01 9.694108610108440297e-07 1.136875570413586192e-10
1.753020134228187743e+01 9.431271427702887025e-07 1.115278080005105542e-10
1.763758389261744952e+01 9.180409187497394890e-07 1.094229334624236394e-10
1.774496644295302161e+01 8.940793495852801695e-07 1.073711859332211271e-10
1.785234899328859015e+01 8.711745627660265973e-07 1.053708848481425197e-10
1.795973154362415869e+01 8.492633613687789136e-07 1.034204135756766083e-10
1.806711409395973078e+01 8.282869284732108255e-07 1.015182165751423825e-10
1.817449664429530287e+01 8.081905348926021726e-07 9.966279669886952552e-11
1.828187919463087141e+01 7.889232554350262236e-07 9.785271263069652921e-11
1.838926174496644350e+01 7.704376971131337630e-07 9.608657645303273562e-11
1.849664429530201204e+01 7.526897413989760884e-07 9.436305133522063783e-11
1.860402684563758413e+01 7.356383016587979992e-07 9.268084933638933520e-11
1.871140939597315622e+01 7.192450962129082265e-07 9.103872931641687567e-11
1.881879194630872476e+01 7.034744369796894605e-07 8.943549494901305948e-11
1.892617449664429330e+01 6.882930333287473257e-07 8.786999283130330458e-11
1.903355704697986539e+01 6.736698105467112439e-07 8.634111068463859104e-11
1.914093959731543748e+01 6.595757421803990588e-07 8.484777564167549674e-11
1.924832214765100602e+01 6.459836954434601569e-07 8.338895261507074478e-11
1.935570469798657456e+01 6.328682888372265941e-07 8.196364274341284885e-11
1.946308724832214665e+01 6.202057611316981070e-07 8.057088191027547787e-11
1.957046979865771874e+01 6.079738508688570161e-07 7.920973933252010667e-11
1.967785234899329083e+01 5.961516855809351901e-07 7.787931621420269720e-11
1.978523489932885937e+01 5.847196799556528635e-07 7.657874446265435062e-11
1.989261744966442791e+01 5.736594422250790513e-07 7.530718546350292069e-11
2.000000000000000000e+01 5.629536881019609354e-07 7.406382891159103397e-11
