#include "TGraph.h"

double adETable[] = {
1.03,
1.0804954128440367,
1.1309908256880734,
1.18148623853211,
1.2319816513761468,
1.2824770642201835,
1.3329724770642202,
1.3834678899082569,
1.4339633027522936,
1.4844587155963302,
1.534954128440367,
1.5854495412844036,
1.6359449541284403,
1.686440366972477,
1.7369357798165137,
1.7874311926605504,
1.837926605504587,
1.8884220183486238,
1.9389174311926605,
1.9894128440366972,
2.039908256880734,
2.0904036697247705,
2.140899082568807,
2.191394495412844,
2.241889908256881,
2.2923853211009173,
2.3428807339449538,
2.3933761467889907,
2.4438715596330276,
2.494366972477064,
2.5448623853211005,
2.5953577981651375,
2.6458532110091744,
2.696348623853211,
2.7468440366972473,
2.797339449541284,
2.847834862385321,
2.8983302752293576,
2.948825688073394,
2.999321100917431,
3.049816513761468,
3.100311926605505,
3.150807339449541,
3.2013027522935777,
3.2517981651376147,
3.3022935779816516,
3.3527889908256876,
3.4032844036697245,
3.4537798165137614,
3.5042752293577983,
3.5547706422018344,
3.6052660550458713,
3.655761467889908,
3.706256880733945,
3.756752293577981,
3.807247706422018,
3.857743119266055,
3.908238532110092,
3.958733944954128,
4.009229357798165,
4.059724770642202,
4.110220183486239,
4.160715596330275,
4.211211009174312,
4.2617064220183485,
4.312201834862385,
4.362697247706421,
4.413192660550458,
4.463688073394495,
4.514183486238532,
4.564678899082568,
4.615174311926605,
4.665669724770642,
4.716165137614679,
4.766660550458715,
4.817155963302752,
4.867651376146789,
4.918146788990826,
4.968642201834862,
5.019137614678899,
5.0696330275229355,
5.1201284403669725,
5.170623853211009,
5.221119266055045,
5.271614678899082,
5.322110091743119,
5.372605504587155,
5.423100917431192,
5.473596330275229,
5.524091743119266,
5.574587155963303,
5.625082568807339,
5.675577981651376,
5.726073394495413,
5.776568807339449,
5.827064220183486,
5.877559633027523,
5.9280550458715595,
5.978550458715596,
6.0290458715596325,
6.079541284403669,
6.130036697247706,
6.180532110091742,
6.231027522935779,
6.281522935779816,
6.332018348623853,
6.38251376146789,
6.433009174311926,
6.483504587155963,
6.534
};
const int nETable = sizeof(adETable)/sizeof(double);

double adRho[] = {48.629186543787355,
58.68378694449991,
70.2118765531996,
83.34896147991182,
98.23627368471698,
112.77789817619221,
127.41085397973755,
143.29090734089547,
160.47297617607003,
179.01229828563194,
200.31422064166097,
223.9982946781792,
249.60649392355364,
277.2284661376172,
306.9551204491772,
341.9749919316565,
381.03622480365954,
423.31630914677027,
468.98370780012874,
518.2109058372508,
596.2819095706541,
691.516553936204,
799.1300857006294,
920.3816655513529,
1056.6246583517998,
1203.482264582395,
1365.6203329995017,
1545.4314415005447,
1744.4072492359105,
1964.1301998677077,
2226.221181097038,
2519.90084170997,
2845.5196250679137,
3205.8405860282523,
3603.8067382868344,
4085.2867897854917,
4623.927693240183,
5222.207431610268,
5885.514886751749,
6619.620049099,
7490.827559691253,
8460.42267903316,
9536.74698638526,
10729.551251235813,
12054.00216448307,
13660.139757382269,
15450.92996136308,
17444.332524831967,
19659.745865120934,
22136.62610255253,
25107.937044025264,
28427.526961588756,
32130.467191469445,
36254.79820362771,
40884.98392567953,
46347.16097094759,
52452.34227085797,
59266.29048149607,
66860.50572972612,
75415.48152540704,
85453.53906127474,
96678.24140708642,
109212.65277602042,
123190.86003877794,
138955.20830298777,
157245.62690479253,
177687.59299018947,
200504.81383374703,
225941.27439094975,
254767.75997658004,
288341.3397506738,
325895.13981532614,
367849.57317194587,
414664.1475041052,
467609.75859720714,
528402.643573345,
596338.5256297381,
672169.2610643773,
756716.8399028033,
854454.6065956913,
970254.3458474881,
1100360.8616853983,
1246373.9043844428,
1410053.7231141839,
1593335.3615370619,
1798344.0690008549,
2027411.9023202055,
2283095.597388907,
2568195.794306934,
2900997.82945044,
3292134.2353895865,
3731748.2502878224,
4225330.315512778,
4778935.142052819,
5399233.895533208,
6093570.680232024,
6870023.63360321,
7737470.96235357,
8705662.271694895,
9835491.930137487,
11142496.714094777,
12610164.090920981,
14256670.422792204,
16102073.519388651,
18168489.589507867,
20480285.189326026,
23064285.301117543,
25949998.751768757,
29169862.260305073,
32980165.738683734
};
TGraph *grRho = new TGraph(nETable,adETable,adRho);

double adLDa[] = {
0.0,
0.0,
0.0,
0.0,
0.0,
0.0,
0.0,
0.0,
0.0,
0.0,
0.0,
0.0,
0.0,
0.0,
0.0,
0.0,
0.0,
0.0,
0.0,
0.0,
0.0,
0.0,
0.0,
0.0,
0.0,
0.0,
0.0,
0.0,
0.0,
0.0,
0.0,
0.0,
0.0,
0.0,
0.0,
0.0,
0.0,
0.0,
0.0,
0.0,
0.0,
0.0,
0.0,
0.0,
0.0,
0.0,
0.0,
0.0,
0.0,
0.0,
0.0,
0.0,
0.0,
0.0,
0.0,
0.0,
0.0,
0.0,
0.0,
0.0,
0.0,
0.0,
0.0,
0.0,
0.0,
0.0,
0.0,
0.0,
0.0,
0.0,
0.0,
0.0,
0.0,
0.0,
0.0,
0.0,
0.0,
0.0,
0.0,
0.0,
0.0,
0.0,
0.0,
0.0,
0.0,
0.0,
0.0,
0.0,
0.0,
0.0,
0.0,
0.0,
0.0,
0.0,
0.0,
0.0,
0.0,
0.0,
0.0,
0.0,
0.0,
0.0,
0.0,
0.0,
0.0,
0.0,
0.0,
0.0,
0.0,
0.0
};
TGraph *grLDa = new TGraph(nETable,adETable,adLDa);

double adJCut[] = {
5.3446357724609275,
5.4097883473895765,
5.472520800652697,
5.533034778536727,
5.591506625995325,
5.648091536357978,
5.702926873794568,
5.756134860339505,
5.807824769053887,
5.858094729225267,
5.907033223784258,
5.954720340324633,
6.001228823211618,
6.04662496386071,
6.0909693584027815,
6.134317555943435,
6.1767206159940775,
6.218225590052683,
6.258875939491464,
6.298711899681748,
6.337770798515566,
6.376087336066166,
6.413693830988043,
6.4506204383321055,
6.486895342697899,
6.52254493002748,
6.557593940837191,
6.592065607263197,
6.6259817759471415,
6.6593630184966885,
6.692228731011265,
6.724597223957613,
6.756485803506088,
6.787910845291305,
6.818887861435525,
6.849431561566209,
6.8795559084676325,
6.909274168927836,
6.938598960274448,
6.967542293034438,
6.996115610102136,
7.024329822755896,
7.052195343825431,
7.079722118278414,
7.106919651465681,
7.133797035238697,
7.160362972130446,
7.186625797770999,
7.21259350169151,
7.238273746654916,
7.263673886637866,
7.288800983576214,
7.313661822975614,
7.338262928479057,
7.362610575474614,
7.386710803818932,
7.410569429745148,
7.434192057017701,
7.45758408739098,
7.480750730423756,
7.503697012696835,
7.526427786477361,
7.5489477378694625,
7.571261394487716,
7.59337313268682,
7.615287184378219,
7.637007643461902,
7.658538471899402,
7.679883505451937,
7.70104645910582,
7.722030932205533,
7.742840413313347,
7.763478284812916,
7.78394782727302,
7.804252223586437,
7.824394562897789,
7.844377844333311,
7.864204980544475,
7.883878801076611,
7.903402055572903,
7.922777416823385,
7.942007483667935,
7.961094783761662,
7.980041776210482,
7.998850854084221,
8.017524346814048,
8.036064522480636,
8.054473589999034,
8.072753701205816,
8.090906952853782,
8.108935388519109,
8.126841000425571,
8.14462573119014,
8.162291475494067,
8.179840081683219,
8.197273353301306,
8.214593050559355,
8.231800891744625,
8.24889855457194,
8.265887677480302,
8.282769860877401,
8.299546668334576,
8.316219627734572,
8.332790232374332,
8.349259942024974,
8.365630183950884,
8.381902353889908,
8.398077816996327,
8.414157908748415,
8.430143935822086
};
TGraph *grJCut = new TGraph(nETable,adETable,adJCut);

