#include "TGraph.h"

double adGSF_ETable[] = {
0.0,
0.04,
0.08,
0.12,
0.16,
0.2,
0.24,
0.28,
0.32,
0.36,
0.4,
0.44,
0.48,
0.52,
0.56,
0.6,
0.64,
0.68,
0.72,
0.76,
0.8,
0.84,
0.88,
0.92,
0.96,
1.0,
1.04,
1.08,
1.12,
1.16,
1.2,
1.24,
1.28,
1.32,
1.36,
1.4,
1.44,
1.48,
1.52,
1.56,
1.6,
1.64,
1.68,
1.72,
1.76,
1.8,
1.84,
1.88,
1.92,
1.96,
2.0,
2.04,
2.08,
2.12,
2.16,
2.2,
2.24,
2.28,
2.32,
2.36,
2.4,
2.44,
2.48,
2.52,
2.56,
2.6,
2.64,
2.68,
2.72,
2.76,
2.8,
2.84,
2.88,
2.92,
2.96,
3.0,
3.04,
3.08,
3.12,
3.16,
3.2,
3.24,
3.28,
3.32,
3.36,
3.4,
3.44,
3.48,
3.52,
3.56,
3.6,
3.64,
3.68,
3.72,
3.76,
3.8,
3.84,
3.88,
3.92,
3.96,
4.0,
4.0,
4.10738255034,
4.21476510067,
4.32214765101,
4.42953020134,
4.53691275168,
4.64429530201,
4.75167785235,
4.85906040268,
4.96644295302,
5.07382550336,
5.18120805369,
5.28859060403,
5.39597315436,
5.5033557047,
5.61073825503,
5.71812080537,
5.8255033557,
5.93288590604,
6.04026845638,
6.14765100671,
6.25503355705,
6.36241610738,
6.46979865772,
6.57718120805,
6.68456375839,
6.79194630872,
6.89932885906,
7.0067114094,
7.11409395973,
7.22147651007,
7.3288590604,
7.43624161074,
7.54362416107,
7.65100671141,
7.75838926174,
7.86577181208,
7.97315436242,
8.08053691275,
8.18791946309,
8.29530201342,
8.40268456376,
8.51006711409,
8.61744966443,
8.72483221477,
8.8322147651,
8.93959731544,
9.04697986577,
9.15436241611,
9.26174496644,
9.36912751678,
9.47651006711,
9.58389261745,
9.69127516779,
9.79865771812,
9.90604026846,
10.0134228188,
10.1208053691,
10.2281879195,
10.3355704698,
10.4429530201,
10.5503355705,
10.6577181208,
10.7651006711,
10.8724832215,
10.9798657718,
11.0872483221,
11.1946308725,
11.3020134228,
11.4093959732,
11.5167785235,
11.6241610738,
11.7315436242,
11.8389261745,
11.9463087248,
12.0536912752,
12.1610738255,
12.2684563758,
12.3758389262,
12.4832214765,
12.5906040268,
12.6979865772,
12.8053691275,
12.9127516779,
13.0201342282,
13.1275167785,
13.2348993289,
13.3422818792,
13.4496644295,
13.5570469799,
13.6644295302,
13.7718120805,
13.8791946309,
13.9865771812,
14.0939597315,
14.2013422819,
14.3087248322,
14.4161073826,
14.5234899329,
14.6308724832,
14.7382550336,
14.8456375839,
14.9530201342,
15.0604026846,
15.1677852349,
15.2751677852,
15.3825503356,
15.4899328859,
15.5973154362,
15.7046979866,
15.8120805369,
15.9194630872,
16.0268456376,
16.1342281879,
16.2416107383,
16.3489932886,
16.4563758389,
16.5637583893,
16.6711409396,
16.7785234899,
16.8859060403,
16.9932885906,
17.1006711409,
17.2080536913,
17.3154362416,
17.4228187919,
17.5302013423,
17.6375838926,
17.744966443,
17.8523489933,
17.9597315436,
18.067114094,
18.1744966443,
18.2818791946,
18.389261745,
18.4966442953,
18.6040268456,
18.711409396,
18.8187919463,
18.9261744966,
19.033557047,
19.1409395973,
19.2483221477,
19.355704698,
19.4630872483,
19.5704697987,
19.677852349,
19.7852348993,
19.8926174497,
20.0
};
const int nGSF_ETable = sizeof(adGSF_ETable)/sizeof(double);

double adGSF_E1[] = {
9.45245708817e-09,
9.49571741301e-09,
9.53915464859e-09,
9.58294577796e-09,
9.62726792873e-09,
9.67229844553e-09,
9.71821496253e-09,
9.76519547622e-09,
9.81341841836e-09,
9.86306272922e-09,
9.91430793122e-09,
9.96733420282e-09,
1.0022322453e-08,
1.00794543959e-08,
1.01389126267e-08,
1.02008806969e-08,
1.02655431915e-08,
1.03330858059e-08,
1.04036954239e-08,
1.04775601966e-08,
1.05548696221e-08,
1.06358146255e-08,
1.07205876406e-08,
1.08093826926e-08,
1.09023954807e-08,
1.09998234637e-08,
1.11018659446e-08,
1.12087241586e-08,
1.13206013605e-08,
1.14377029145e-08,
1.15602363853e-08,
1.16884116305e-08,
1.18224408943e-08,
1.19625389032e-08,
1.21089229635e-08,
1.22618130597e-08,
1.24214319558e-08,
1.25880052976e-08,
1.27617617174e-08,
1.2942932941e-08,
1.31317538956e-08,
1.33284628218e-08,
1.35333013859e-08,
1.37465147962e-08,
1.39683519206e-08,
1.4199065407e-08,
1.44389118073e-08,
1.46881517022e-08,
1.49470498308e-08,
1.52158752221e-08,
1.5494901329e-08,
1.57844061672e-08,
1.60846724551e-08,
1.63959877589e-08,
1.67186446404e-08,
1.70529408078e-08,
1.73991792716e-08,
1.7757668503e-08,
1.81287225967e-08,
1.85126614383e-08,
1.89098108753e-08,
1.93205028924e-08,
1.97450757918e-08,
2.01838743778e-08,
2.06372501464e-08,
2.11055614796e-08,
2.15891738453e-08,
2.20884600017e-08,
2.26038002082e-08,
2.31355824413e-08,
2.36842026163e-08,
2.42500648151e-08,
2.48335815208e-08,
2.54351738577e-08,
2.60552718388e-08,
2.66943146196e-08,
2.73527507595e-08,
2.80310384899e-08,
2.87296459904e-08,
2.9449051672e-08,
3.01897444696e-08,
3.09522241414e-08,
3.17370015777e-08,
3.25445991186e-08,
3.337555088e-08,
3.42304030899e-08,
3.51097144342e-08,
3.6014056412e-08,
3.69440137019e-08,
3.79001845386e-08,
3.88831811008e-08,
3.98936299098e-08,
4.09321722412e-08,
4.1999464547e-08,
4.30961788913e-08,
4.42230033988e-08,
4.53806427163e-08,
4.65698184878e-08,
4.77912698443e-08,
4.90457539075e-08,
5.03340463091e-08,
5.03340463091e-08,
5.3965957235e-08,
5.78634116142e-08,
6.20435997955e-08,
6.65248998163e-08,
7.13269725577e-08,
7.64708647804e-08,
8.19791206876e-08,
8.78759026966e-08,
9.41871221389e-08,
1.00940580643e-07,
1.0816612298e-07,
1.15895802169e-07,
1.24164057657e-07,
1.33007907363e-07,
1.42467154349e-07,
1.52584608841e-07,
1.63406326167e-07,
1.74981861107e-07,
1.87364538843e-07,
2.00611742481e-07,
2.14785216637e-07,
2.29951386092e-07,
2.46181687788e-07,
2.63552913517e-07,
2.82147559483e-07,
3.02054177438e-07,
3.23367720182e-07,
3.46189871881e-07,
3.70629350726e-07,
3.96802167855e-07,
4.24831822071e-07,
4.54849404545e-07,
4.86993581367e-07,
5.21410414197e-07,
5.58252970537e-07,
5.97680664983e-07,
6.39858261513e-07,
6.84954454485e-07,
7.33139933036e-07,
7.84584820721e-07,
8.39455370696e-07,
8.97909788258e-07,
9.6009304953e-07,
1.02613059099e-06,
1.09612076345e-06,
1.17012598145e-06,
1.24816256063e-06,
1.33018932795e-06,
1.41609521787e-06,
1.50568623559e-06,
1.59867237492e-06,
1.69465531551e-06,
1.79311797479e-06,
1.89341722262e-06,
1.99478123979e-06,
2.09631305847e-06,
2.19700170474e-06,
2.29574201786e-06,
2.39136361652e-06,
2.48266863327e-06,
2.5684768101e-06,
2.64767547195e-06,
2.71927094702e-06,
2.7824373766e-06,
2.83655871851e-06,
2.88126018167e-06,
2.91642631002e-06,
2.94220431709e-06,
2.9589928245e-06,
2.96741761168e-06,
2.96829710256e-06,
2.96260094503e-06,
2.9514051361e-06,
2.93584676855e-06,
2.9170807557e-06,
2.89623999534e-06,
2.87439952388e-06,
2.85254442449e-06,
2.83154068903e-06,
2.81210796747e-06,
2.79479322294e-06,
2.77994478871e-06,
2.7676872192e-06,
2.75789862467e-06,
2.75019377034e-06,
2.74391784526e-06,
2.73815700024e-06,
2.73177186133e-06,
2.72345854393e-06,
2.71183777722e-06,
2.6955668294e-06,
2.6734622162e-06,
2.64461578854e-06,
2.60848505034e-06,
2.5649418717e-06,
2.51427170983e-06,
2.45712567272e-06,
2.39443694633e-06,
2.32731850246e-06,
2.2569595603e-06,
2.18453479581e-06,
2.11113470465e-06,
2.03771984866e-06,
1.96509733014e-06,
1.89391526336e-06,
1.82467009696e-06,
1.7577218941e-06,
1.69331356029e-06,
1.6315910929e-06,
1.57262294465e-06,
1.51641741799e-06,
1.46293760709e-06,
1.41211380087e-06,
1.3638534964e-06,
1.31804929324e-06,
1.27458498415e-06,
1.23334015662e-06,
1.1941935938e-06,
1.15702572579e-06,
1.12172034244e-06,
1.08816574024e-06,
1.05625544191e-06,
1.02588859799e-06,
9.96970155766e-07,
9.69410861011e-07,
9.4312714277e-07,
9.1804091875e-07,
8.94079349585e-07,
8.71174562766e-07,
8.49263361369e-07,
8.28286928473e-07,
8.08190534893e-07,
7.88923255435e-07,
7.70437697113e-07,
7.52689741399e-07,
7.35638301659e-07,
7.19245096213e-07,
7.0347443698e-07,
6.88293033329e-07,
6.73669810547e-07,
6.5957574218e-07,
6.45983695443e-07,
6.32868288837e-07,
6.20205761132e-07,
6.07973850869e-07,
5.96151685581e-07,
5.84719679956e-07,
5.73659442225e-07,
5.62953688102e-07
};
TGraph *grGSF_E1 = new TGraph(nGSF_ETable,adGSF_ETable,adGSF_E1);

double adGSF_M1[] = {
0.0,
4.02309417758e-10,
8.056838998e-10,
1.21119502127e-09,
1.61992744171e-09,
2.03298560448e-09,
2.45150062671e-09,
2.87663744617e-09,
3.30960229387e-09,
3.75165056449e-09,
4.20409515995e-09,
4.66831538557e-09,
5.14576648248e-09,
5.63798988419e-09,
6.14662428946e-09,
6.67341764714e-09,
7.22024015138e-09,
7.78909834578e-09,
8.38215043357e-09,
9.00172288379e-09,
9.65032841123e-09,
1.03306853862e-08,
1.10457386966e-08,
1.17986820344e-08,
1.25929815038e-08,
1.34324003452e-08,
1.43210244195e-08,
1.52632878947e-08,
1.62639982991e-08,
1.73283597282e-08,
1.84619924886e-08,
1.96709467963e-08,
2.09617072681e-08,
2.23411838138e-08,
2.38166830812e-08,
2.53958527872e-08,
2.70865890231e-08,
2.88968939478e-08,
3.08346682124e-08,
3.29074191584e-08,
3.51218626331e-08,
3.74833938123e-08,
3.9995401764e-08,
4.26584052799e-08,
4.54689960687e-08,
4.84185928037e-08,
5.14920392107e-08,
5.46661244838e-08,
5.79081659761e-08,
6.11748690086e-08,
6.44117556767e-08,
6.7553512e-08,
7.05256080948e-08,
7.32474615595e-08,
7.56372114384e-08,
7.761785119e-08,
7.91240872866e-08,
8.01089532063e-08,
8.05490512492e-08,
8.04474202797e-08,
7.98334463169e-08,
7.87598359497e-08,
7.72972688997e-08,
7.55277477811e-08,
7.35377685985e-08,
7.14122623356e-08,
6.92299136487e-08,
6.70600815386e-08,
6.4961233657e-08,
6.29806101655e-08,
6.11547543795e-08,
5.95105561169e-08,
5.80665121938e-08,
5.68339850954e-08,
5.5818314877e-08,
5.50197008332e-08,
5.44338161718e-08,
5.40521531106e-08,
5.38621217145e-08,
5.38469479056e-08,
5.39854380608e-08,
5.42517013889e-08,
5.46149462713e-08,
5.50394890297e-08,
5.54851255425e-08,
5.5908007003e-08,
5.62621194847e-08,
5.65013854613e-08,
5.65822869296e-08,
5.6466772808e-08,
5.61250922631e-08,
5.55381328168e-08,
5.46988715427e-08,
5.36126774162e-08,
5.22964056751e-08,
5.0776445129e-08,
4.90860539962e-08,
4.72624045972e-08,
4.53437415138e-08,
4.33669636825e-08,
4.13658085857e-08,
4.13658085857e-08,
3.60841792548e-08,
3.12165421878e-08,
2.69383470944e-08,
2.32788329126e-08,
2.01918515828e-08,
1.76023236826e-08,
1.54309967318e-08,
1.36054517812e-08,
1.20637702864e-08,
1.07547613755e-08,
9.636812231e-09,
8.67635041878e-09,
7.84634587234e-09,
7.12500845003e-09,
6.49471454146e-09,
5.94114644869e-09,
5.4526120551e-09,
5.01951053241e-09,
4.63391357873e-09,
4.28923693403e-09,
3.97998203443e-09,
3.7015320643e-09,
3.44999023152e-09,
3.22205089654e-09,
3.01489635436e-09,
2.82611373114e-09,
2.65362772559e-09,
2.49564589226e-09,
2.35061390212e-09,
2.21717877981e-09,
2.09415855013e-09,
1.98051705974e-09,
1.87534299776e-09,
1.77783233917e-09,
1.68727359132e-09,
1.60303534619e-09,
1.52455573735e-09,
1.45133347708e-09,
1.38292020963e-09,
1.31891396481e-09,
1.25895353528e-09,
1.20271363169e-09,
1.1499006954e-09,
1.10024926897e-09,
1.05351884102e-09,
1.00949109622e-09,
9.67967511984e-10,
9.28767252864e-10,
8.91725321284e-10,
8.56690929604e-10,
8.23526063755e-10,
7.92104213143e-10,
7.62309245188e-10,
7.34034406002e-10,
7.0718143131e-10,
6.81659753945e-10,
6.57385796123e-10,
6.3428233629e-10,
6.12277941713e-10,
5.91306459128e-10,
5.71306556765e-10,
5.52221311914e-10,
5.33997838935e-10,
5.16586953256e-10,
4.9994286743e-10,
4.84022915806e-10,
4.68787304794e-10,
4.54198886033e-10,
4.40222950094e-10,
4.26827038641e-10,
4.13980773171e-10,
4.01655698696e-10,
3.898251409e-10,
3.78464075446e-10,
3.67549008298e-10,
3.5705786598e-10,
3.4696989487e-10,
3.37265568668e-10,
3.27926503309e-10,
3.18935378637e-10,
3.10275866234e-10,
3.01932562861e-10,
2.93890929026e-10,
2.86137232216e-10,
2.7865849442e-10,
2.71442443548e-10,
2.64477468451e-10,
2.57752577212e-10,
2.5125735846e-10,
2.44981945459e-10,
2.38916982728e-10,
2.33053595022e-10,
2.27383358457e-10,
2.21898273633e-10,
2.16590740581e-10,
2.11453535419e-10,
2.06479788554e-10,
2.01662964344e-10,
1.96996842092e-10,
1.92475498282e-10,
1.88093289957e-10,
1.83844839173e-10,
1.79725018424e-10,
1.75728937001e-10,
1.71851928194e-10,
1.68089537282e-10,
1.64437510271e-10,
1.60891783311e-10,
1.5744847275e-10,
1.54103865788e-10,
1.50854411686e-10,
1.47696713489e-10,
1.44627520238e-10,
1.41643719627e-10,
1.38742331092e-10,
1.35920499285e-10,
1.33175487927e-10,
1.30504673996e-10,
1.2790554225e-10,
1.25375680047e-10,
1.22912772452e-10,
1.20514597612e-10,
1.18179022378e-10,
1.15903998167e-10,
1.13687557041e-10,
1.11527808001e-10,
1.09422933462e-10,
1.07371185933e-10,
1.05370884848e-10,
1.03420413576e-10,
1.01518216575e-10,
9.96627966989e-11,
9.78527126307e-11,
9.6086576453e-11,
9.43630513352e-11,
9.26808493364e-11,
9.10387293164e-11,
8.9435494949e-11,
8.78699928313e-11,
8.63411106846e-11,
8.48477756417e-11,
8.33889526151e-11,
8.19636427434e-11,
8.05708819103e-11,
7.92097393325e-11,
7.78793162142e-11,
7.65787444627e-11,
7.53071854635e-11,
7.40638289116e-11
};
TGraph *grGSF_M1 = new TGraph(nGSF_ETable,adGSF_ETable,adGSF_M1);

double adGSF_E2[] = {
0,
0,
0,
0,
0,
0,
0,
0,
0,
0,
0,
0,
0,
0,
0,
0,
0,
0,
0,
0,
0,
0,
0,
0,
0,
0,
0,
0,
0,
0,
0,
0,
0,
0,
0,
0,
0,
0,
0,
0,
0,
0,
0,
0,
0,
0,
0,
0,
0,
0,
0,
0,
0,
0,
0,
0,
0,
0,
0,
0,
0,
0,
0,
0,
0,
0,
0,
0,
0,
0,
0,
0,
0,
0,
0,
0,
0,
0,
0,
0,
0,
0,
0,
0,
0,
0,
0,
0,
0,
0,
0,
0,
0,
0,
0,
0,
0,
0,
0,
0,
0,
0,
0,
0,
0,
0,
0,
0,
0,
0,
0,
0,
0,
0,
0,
0,
0,
0,
0,
0,
0,
0,
0,
0,
0,
0,
0,
0,
0,
0,
0,
0,
0,
0,
0,
0,
0,
0,
0,
0,
0,
0,
0,
0,
0,
0,
0,
0,
0,
0,
0,
0,
0,
0,
0,
0,
0,
0,
0,
0,
0,
0,
0,
0,
0,
0,
0,
0,
0,
0,
0,
0,
0,
0,
0,
0,
0,
0,
0,
0,
0,
0,
0,
0,
0,
0,
0,
0,
0,
0,
0,
0,
0,
0,
0,
0,
0,
0,
0,
0,
0,
0,
0,
0,
0,
0,
0,
0,
0,
0,
0,
0,
0,
0,
0,
0,
0,
0,
0,
0,
0,
0,
0,
0,
0,
0,
0,
0,
0,
0,
0,
0,
0,
0,
0,
0,
0,
0,
0,
0,
0,
0,
0,
0,
0,
0,
0,
0,
0,
0,
0
};
TGraph *grGSF_E2 = new TGraph(nGSF_ETable,adGSF_ETable,adGSF_E2);

