#include "TGraph.h"

double adGSF_ETable[] = {
0.0,
0.04,
0.08,
0.12,
0.16,
0.2,
0.24,
0.28,
0.32,
0.36,
0.4,
0.44,
0.48,
0.52,
0.56,
0.6,
0.64,
0.68,
0.72,
0.76,
0.8,
0.84,
0.88,
0.92,
0.96,
1.0,
1.04,
1.08,
1.12,
1.16,
1.2,
1.24,
1.28,
1.32,
1.36,
1.4,
1.44,
1.48,
1.52,
1.56,
1.6,
1.64,
1.68,
1.72,
1.76,
1.8,
1.84,
1.88,
1.92,
1.96,
2.0,
2.04,
2.08,
2.12,
2.16,
2.2,
2.24,
2.28,
2.32,
2.36,
2.4,
2.44,
2.48,
2.52,
2.56,
2.6,
2.64,
2.68,
2.72,
2.76,
2.8,
2.84,
2.88,
2.92,
2.96,
3.0,
3.04,
3.08,
3.12,
3.16,
3.2,
3.24,
3.28,
3.32,
3.36,
3.4,
3.44,
3.48,
3.52,
3.56,
3.6,
3.64,
3.68,
3.72,
3.76,
3.8,
3.84,
3.88,
3.92,
3.96,
4.0,
4.0,
4.10738255034,
4.21476510067,
4.32214765101,
4.42953020134,
4.53691275168,
4.64429530201,
4.75167785235,
4.85906040268,
4.96644295302,
5.07382550336,
5.18120805369,
5.28859060403,
5.39597315436,
5.5033557047,
5.61073825503,
5.71812080537,
5.8255033557,
5.93288590604,
6.04026845638,
6.14765100671,
6.25503355705,
6.36241610738,
6.46979865772,
6.57718120805,
6.68456375839,
6.79194630872,
6.89932885906,
7.0067114094,
7.11409395973,
7.22147651007,
7.3288590604,
7.43624161074,
7.54362416107,
7.65100671141,
7.75838926174,
7.86577181208,
7.97315436242,
8.08053691275,
8.18791946309,
8.29530201342,
8.40268456376,
8.51006711409,
8.61744966443,
8.72483221477,
8.8322147651,
8.93959731544,
9.04697986577,
9.15436241611,
9.26174496644,
9.36912751678,
9.47651006711,
9.58389261745,
9.69127516779,
9.79865771812,
9.90604026846,
10.0134228188,
10.1208053691,
10.2281879195,
10.3355704698,
10.4429530201,
10.5503355705,
10.6577181208,
10.7651006711,
10.8724832215,
10.9798657718,
11.0872483221,
11.1946308725,
11.3020134228,
11.4093959732,
11.5167785235,
11.6241610738,
11.7315436242,
11.8389261745,
11.9463087248,
12.0536912752,
12.1610738255,
12.2684563758,
12.3758389262,
12.4832214765,
12.5906040268,
12.6979865772,
12.8053691275,
12.9127516779,
13.0201342282,
13.1275167785,
13.2348993289,
13.3422818792,
13.4496644295,
13.5570469799,
13.6644295302,
13.7718120805,
13.8791946309,
13.9865771812,
14.0939597315,
14.2013422819,
14.3087248322,
14.4161073826,
14.5234899329,
14.6308724832,
14.7382550336,
14.8456375839,
14.9530201342,
15.0604026846,
15.1677852349,
15.2751677852,
15.3825503356,
15.4899328859,
15.5973154362,
15.7046979866,
15.8120805369,
15.9194630872,
16.0268456376,
16.1342281879,
16.2416107383,
16.3489932886,
16.4563758389,
16.5637583893,
16.6711409396,
16.7785234899,
16.8859060403,
16.9932885906,
17.1006711409,
17.2080536913,
17.3154362416,
17.4228187919,
17.5302013423,
17.6375838926,
17.744966443,
17.8523489933,
17.9597315436,
18.067114094,
18.1744966443,
18.2818791946,
18.389261745,
18.4966442953,
18.6040268456,
18.711409396,
18.8187919463,
18.9261744966,
19.033557047,
19.1409395973,
19.2483221477,
19.355704698,
19.4630872483,
19.5704697987,
19.677852349,
19.7852348993,
19.8926174497,
20.0
};
const int nGSF_ETable = sizeof(adGSF_ETable)/sizeof(double);

double adGSF_E1[] = {
8.19745448404e-09,
8.23485837667e-09,
8.27244549846e-09,
8.310399153e-09,
8.34890279282e-09,
8.3881400939e-09,
8.42829503046e-09,
8.46955194982e-09,
8.51209564759e-09,
8.55611144308e-09,
8.60178525509e-09,
8.64930367806e-09,
8.6988540587e-09,
8.75062457301e-09,
8.80480430397e-09,
8.86158331968e-09,
8.92115275224e-09,
8.98370487726e-09,
9.04943319413e-09,
9.11853250708e-09,
9.19119900708e-09,
9.26763035469e-09,
9.34802576379e-09,
9.43258608636e-09,
9.52151389836e-09,
9.6150135867e-09,
9.71329143741e-09,
9.81655572502e-09,
9.92501680337e-09,
1.00388871976e-08,
1.01583816978e-08,
1.02837174539e-08,
1.04151140724e-08,
1.05527937146e-08,
1.06969811964e-08,
1.08479040901e-08,
1.1005792828e-08,
1.11708808079e-08,
1.13434045003e-08,
1.15236035584e-08,
1.17117209296e-08,
1.19080029691e-08,
1.21126995568e-08,
1.23260642156e-08,
1.25483542326e-08,
1.27798307827e-08,
1.30207590555e-08,
1.3271408384e-08,
1.3532052377e-08,
1.3802969054e-08,
1.40844409833e-08,
1.43767554235e-08,
1.46802044679e-08,
1.49950851925e-08,
1.53216998076e-08,
1.56603558131e-08,
1.60113661573e-08,
1.63750493996e-08,
1.67517298773e-08,
1.71417378772e-08,
1.75454098099e-08,
1.79630883904e-08,
1.83951228218e-08,
1.88418689847e-08,
1.93036896307e-08,
1.97809545819e-08,
2.02740409344e-08,
2.07833332684e-08,
2.1309223863e-08,
2.18521129169e-08,
2.24124087754e-08,
2.29905281632e-08,
2.35868964233e-08,
2.42019477629e-08,
2.48361255056e-08,
2.54898823509e-08,
2.61636806405e-08,
2.6857992632e-08,
2.75733007809e-08,
2.83100980292e-08,
2.90688881034e-08,
2.98501858201e-08,
3.06545174004e-08,
3.14824207935e-08,
3.23344460088e-08,
3.32111554586e-08,
3.41131243095e-08,
3.50409408443e-08,
3.59952068347e-08,
3.69765379242e-08,
3.79855640222e-08,
3.90229297098e-08,
4.00892946572e-08,
4.11853340532e-08,
4.23117390472e-08,
4.34692172047e-08,
4.46584929752e-08,
4.58803081744e-08,
4.71354224807e-08,
4.8424613946e-08,
4.97486795217e-08,
4.97486795217e-08,
5.34820658508e-08,
5.74892692553e-08,
6.17879366924e-08,
6.63969256182e-08,
7.13364000266e-08,
7.66279343106e-08,
8.22946255639e-08,
8.83612149764e-08,
9.48542190039e-08,
1.01802071021e-07,
1.09235274182e-07,
1.17186566228e-07,
1.25691096955e-07,
1.3478661907e-07,
1.4451369306e-07,
1.54915906671e-07,
1.66040109419e-07,
1.77936662418e-07,
1.9065970353e-07,
2.04267427516e-07,
2.18822380421e-07,
2.34391766833e-07,
2.51047767902e-07,
2.6886786702e-07,
2.8793517884e-07,
3.08338775753e-07,
3.30174003991e-07,
3.53542779107e-07,
3.78553847641e-07,
4.0532299811e-07,
4.33973200099e-07,
4.64634644955e-07,
4.97444655295e-07,
5.32547423267e-07,
5.70093528967e-07,
6.10239180887e-07,
6.53145109603e-07,
6.98975034598e-07,
7.47893612454e-07,
8.00063763539e-07,
8.55643265001e-07,
9.14780491997e-07,
9.77609189215e-07,
1.04424216394e-06,
1.11476381438e-06,
1.18922144711e-06,
1.26761540149e-06,
1.34988809045e-06,
1.43591219285e-06,
1.52547839192e-06,
1.61828324739e-06,
1.71391800498e-06,
1.81185936912e-06,
1.91146346361e-06,
2.01196434099e-06,
2.1124784253e-06,
2.21201613359e-06,
2.3095015764e-06,
2.40380066481e-06,
2.4937571696e-06,
2.57823535249e-06,
2.6561668366e-06,
2.72659856096e-06,
2.78873813629e-06,
2.84199282594e-06,
2.88599878454e-06,
2.92063807029e-06,
2.94604217861e-06,
2.96258222183e-06,
2.97084717263e-06,
2.97161259224e-06,
2.96580284322e-06,
2.95444989685e-06,
2.93865153189e-06,
2.91953109247e-06,
2.89820016866e-06,
2.87572472323e-06,
2.85309443431e-06,
2.83119444953e-06,
2.81077842723e-06,
2.79244173679e-06,
2.7765940634e-06,
2.7634314707e-06,
2.75290924822e-06,
2.74471856617e-06,
2.73827188227e-06,
2.73270376248e-06,
2.72689458838e-06,
2.71952364656e-06,
2.70915457091e-06,
2.69434990116e-06,
2.67380362855e-06,
2.64647329413e-06,
2.61168943174e-06,
2.56922220449e-06,
2.51929320878e-06,
2.46253227088e-06,
2.39989062918e-06,
2.33252942014e-06,
2.2617040559e-06,
2.18866152946e-06,
2.11456118883e-06,
2.04042266329e-06,
1.96709924022e-06,
1.89527181118e-06,
1.8254573767e-06,
1.75802641026e-06,
1.69322445552e-06,
1.63119463333e-06,
1.57199893996e-06,
1.51563717692e-06,
1.46206303577e-06,
1.41119730095e-06,
1.36293838602e-06,
1.31717053981e-06,
1.2737700962e-06,
1.23261012954e-06,
1.1935638406e-06,
1.15650695123e-06,
1.12131933773e-06,
1.08788608851e-06,
1.05609813308e-06,
1.02585255695e-06,
9.97052690506e-07,
9.69608039011e-07,
9.43434104056e-07,
9.18452134103e-07,
8.94588831696e-07,
8.71776037422e-07,
8.49950404981e-07,
8.29053077437e-07,
8.09029371536e-07,
7.89828474597e-07,
7.7140315681e-07,
7.53709500459e-07,
7.36706646769e-07,
7.20356560397e-07,
7.04623811189e-07,
6.89475372553e-07,
6.74880435576e-07,
6.60810237975e-07,
6.47237906886e-07,
6.34138314493e-07,
6.21487945535e-07,
6.09264775745e-07,
5.97448160352e-07,
5.86018731782e-07,
5.74958305806e-07,
5.64249795403e-07
};
TGraph *grGSF_E1 = new TGraph(nGSF_ETable,adGSF_ETable,adGSF_E1);

double adGSF_M1[] = {
0.0,
4.37190590943e-10,
8.75581074759e-10,
1.31637891686e-09,
1.76080680266e-09,
2.21011043569e-09,
2.66556656356e-09,
3.12849131131e-09,
3.60024890454e-09,
4.08226086849e-09,
4.57601579338e-09,
5.08307976084e-09,
5.60510753153e-09,
6.14385459849e-09,
6.70119021586e-09,
7.27911151568e-09,
7.87975882807e-09,
8.50543231877e-09,
9.15861005352e-09,
9.84196758767e-09,
1.05583991594e-08,
1.13110405328e-08,
1.21032934872e-08,
1.29388518756e-08,
1.38217290687e-08,
1.47562864498e-08,
1.57472624161e-08,
1.67998010521e-08,
1.79194792452e-08,
1.91123304831e-08,
2.03848628578e-08,
2.17440678677e-08,
2.3197415377e-08,
2.4752828518e-08,
2.64186303165e-08,
2.82034513431e-08,
3.01160846933e-08,
3.21652711265e-08,
3.43593933817e-08,
3.67060548984e-08,
3.92115150805e-08,
4.1879952003e-08,
4.47125259135e-08,
4.77062256664e-08,
5.08524988805e-08,
5.41356992256e-08,
5.75314346728e-08,
6.10049705042e-08,
6.45099270425e-08,
6.79876020672e-08,
7.13673167126e-08,
7.45681930832e-08,
7.75026769684e-08,
8.00818853961e-08,
8.22224883443e-08,
8.38543901742e-08,
8.49280882352e-08,
8.54204137948e-08,
8.53375240553e-08,
8.47145186247e-08,
8.36117616398e-08,
8.21086710462e-08,
8.02961713822e-08,
7.82690885867e-08,
7.61195306309e-08,
7.39318824236e-08,
7.17796058476e-08,
6.97236917405e-08,
6.781240845e-08,
6.60819228775e-08,
6.45573961438e-08,
6.32542332746e-08,
6.21792599136e-08,
6.13316881456e-08,
6.07038093411e-08,
6.02814139021e-08,
6.00439891526e-08,
5.99647910592e-08,
6.00109245043e-08,
6.01435979623e-08,
6.0318734271e-08,
6.04881080869e-08,
6.06011297935e-08,
6.06072971289e-08,
6.04591943681e-08,
6.01157583859e-08,
5.9545394073e-08,
5.87284590248e-08,
5.76586871812e-08,
5.63432872225e-08,
5.48016950288e-08,
5.30632100479e-08,
5.11639297764e-08,
4.9143468805e-08,
4.70419056347e-08,
4.48972751798e-08,
4.27437676491e-08,
4.06106505739e-08,
3.85218274973e-08,
3.64958917541e-08,
3.45465200041e-08,
3.45465200041e-08,
2.97526413325e-08,
2.56351931881e-08,
2.21604011119e-08,
1.92503989353e-08,
1.68171470495e-08,
1.47781786913e-08,
1.30623049004e-08,
1.16105038149e-08,
1.03748214554e-08,
9.31665524604e-09,
8.40502054941e-09,
7.61502541935e-09,
6.92660938617e-09,
6.3235327174e-09,
5.79257924926e-09,
5.32293233374e-09,
4.90568748438e-09,
4.53347151447e-09,
4.20014411284e-09,
3.90056311086e-09,
3.63039899508e-09,
3.38598759185e-09,
3.1642124484e-09,
2.96241041701e-09,
2.77829545581e-09,
2.60989680333e-09,
2.45550855315e-09,
2.31364831717e-09,
2.18302317186e-09,
2.06250147055e-09,
1.95108940353e-09,
1.84791142001e-09,
1.75219380568e-09,
1.66325085079e-09,
1.5804731542e-09,
1.50331769597e-09,
1.43129938061e-09,
1.36398380769e-09,
1.30098107116e-09,
1.24194042368e-09,
1.18654567114e-09,
1.13451118552e-09,
1.08557844318e-09,
1.03951301113e-09,
9.96101916188e-10,
9.5515134258e-10,
9.16484612032e-10,
8.79940407406e-10,
8.45371206989e-10,
8.12641901366e-10,
7.81628568988e-10,
7.52217389981e-10,
7.24303680663e-10,
6.97791033712e-10,
6.72590550971e-10,
6.48620157694e-10,
6.258039885e-10,
6.04071836614e-10,
5.83358659056e-10,
5.63604131385e-10,
5.44752246423e-10,
5.26750952061e-10,
5.09551823882e-10,
4.93109768814e-10,
4.77382756525e-10,
4.62331575618e-10,
4.47919612071e-10,
4.34112647613e-10,
4.2087867604e-10,
4.08187735657e-10,
3.96011756265e-10,
3.84324419265e-10,
3.73101029612e-10,
3.62318398493e-10,
3.51954735722e-10,
3.4198955093e-10,
3.32403562761e-10,
3.23178615329e-10,
3.14297601291e-10,
3.05744390937e-10,
2.97503766775e-10,
2.89561363133e-10,
2.81903610338e-10,
2.74517683081e-10,
2.67391452621e-10,
2.60513442507e-10,
2.53872787518e-10,
2.47459195563e-10,
2.41262912305e-10,
2.35274688281e-10,
2.29485748321e-10,
2.23887763101e-10,
2.18472822631e-10,
2.13233411563e-10,
2.08162386157e-10,
2.03252952787e-10,
1.98498647868e-10,
1.93893319106e-10,
1.89431107964e-10,
1.85106433254e-10,
1.80913975788e-10,
1.76848663995e-10,
1.72905660437e-10,
1.69080349179e-10,
1.65368323924e-10,
1.61765376887e-10,
1.58267488335e-10,
1.54870816767e-10,
1.51571689673e-10,
1.48366594845e-10,
1.452521722e-10,
1.42225206079e-10,
1.39282617989e-10,
1.3642145977e-10,
1.33638907142e-10,
1.30932253625e-10,
1.282989048e-10,
1.2573637288e-10,
1.23242271597e-10,
1.20814311358e-10,
1.18450294671e-10,
1.16148111815e-10,
1.13905736746e-10,
1.11721223218e-10,
1.09592701115e-10,
1.0751837297e-10,
1.05496510669e-10,
1.03525452326e-10,
1.01603599319e-10,
9.97294134755e-11,
9.79014144055e-11,
9.61181769648e-11,
9.43783288477e-11,
9.26805482999e-11,
9.10235619436e-11,
8.94061427099e-11,
8.78271078729e-11,
8.62853171784e-11,
8.47796710629e-11,
8.33091089589e-11,
8.18726076797e-11,
8.04691798816e-11,
7.90978725978e-11,
7.77577658414e-11,
7.6447971273e-11,
7.51676309296e-11,
7.39159160124e-11,
7.26920257296e-11,
7.14951861915e-11
};
TGraph *grGSF_M1 = new TGraph(nGSF_ETable,adGSF_ETable,adGSF_M1);

double adGSF_E2[] = {
0,
0,
0,
0,
0,
0,
0,
0,
0,
0,
0,
0,
0,
0,
0,
0,
0,
0,
0,
0,
0,
0,
0,
0,
0,
0,
0,
0,
0,
0,
0,
0,
0,
0,
0,
0,
0,
0,
0,
0,
0,
0,
0,
0,
0,
0,
0,
0,
0,
0,
0,
0,
0,
0,
0,
0,
0,
0,
0,
0,
0,
0,
0,
0,
0,
0,
0,
0,
0,
0,
0,
0,
0,
0,
0,
0,
0,
0,
0,
0,
0,
0,
0,
0,
0,
0,
0,
0,
0,
0,
0,
0,
0,
0,
0,
0,
0,
0,
0,
0,
0,
0,
0,
0,
0,
0,
0,
0,
0,
0,
0,
0,
0,
0,
0,
0,
0,
0,
0,
0,
0,
0,
0,
0,
0,
0,
0,
0,
0,
0,
0,
0,
0,
0,
0,
0,
0,
0,
0,
0,
0,
0,
0,
0,
0,
0,
0,
0,
0,
0,
0,
0,
0,
0,
0,
0,
0,
0,
0,
0,
0,
0,
0,
0,
0,
0,
0,
0,
0,
0,
0,
0,
0,
0,
0,
0,
0,
0,
0,
0,
0,
0,
0,
0,
0,
0,
0,
0,
0,
0,
0,
0,
0,
0,
0,
0,
0,
0,
0,
0,
0,
0,
0,
0,
0,
0,
0,
0,
0,
0,
0,
0,
0,
0,
0,
0,
0,
0,
0,
0,
0,
0,
0,
0,
0,
0,
0,
0,
0,
0,
0,
0,
0,
0,
0,
0,
0,
0,
0,
0,
0,
0,
0,
0,
0,
0,
0,
0,
0,
0,
0
};
TGraph *grGSF_E2 = new TGraph(nGSF_ETable,adGSF_ETable,adGSF_E2);

