#include "TGraph.h"

double adGSF_ETable[] = {
0.0,
0.04,
0.08,
0.12,
0.16,
0.2,
0.24,
0.28,
0.32,
0.36,
0.4,
0.44,
0.48,
0.52,
0.56,
0.6,
0.64,
0.68,
0.72,
0.76,
0.8,
0.84,
0.88,
0.92,
0.96,
1.0,
1.04,
1.08,
1.12,
1.16,
1.2,
1.24,
1.28,
1.32,
1.36,
1.4,
1.44,
1.48,
1.52,
1.56,
1.6,
1.64,
1.68,
1.72,
1.76,
1.8,
1.84,
1.88,
1.92,
1.96,
2.0,
2.04,
2.08,
2.12,
2.16,
2.2,
2.24,
2.28,
2.32,
2.36,
2.4,
2.44,
2.48,
2.52,
2.56,
2.6,
2.64,
2.68,
2.72,
2.76,
2.8,
2.84,
2.88,
2.92,
2.96,
3.0,
3.04,
3.08,
3.12,
3.16,
3.2,
3.24,
3.28,
3.32,
3.36,
3.4,
3.44,
3.48,
3.52,
3.56,
3.6,
3.64,
3.68,
3.72,
3.76,
3.8,
3.84,
3.88,
3.92,
3.96,
4.0,
4.0,
4.10738255034,
4.21476510067,
4.32214765101,
4.42953020134,
4.53691275168,
4.64429530201,
4.75167785235,
4.85906040268,
4.96644295302,
5.07382550336,
5.18120805369,
5.28859060403,
5.39597315436,
5.5033557047,
5.61073825503,
5.71812080537,
5.8255033557,
5.93288590604,
6.04026845638,
6.14765100671,
6.25503355705,
6.36241610738,
6.46979865772,
6.57718120805,
6.68456375839,
6.79194630872,
6.89932885906,
7.0067114094,
7.11409395973,
7.22147651007,
7.3288590604,
7.43624161074,
7.54362416107,
7.65100671141,
7.75838926174,
7.86577181208,
7.97315436242,
8.08053691275,
8.18791946309,
8.29530201342,
8.40268456376,
8.51006711409,
8.61744966443,
8.72483221477,
8.8322147651,
8.93959731544,
9.04697986577,
9.15436241611,
9.26174496644,
9.36912751678,
9.47651006711,
9.58389261745,
9.69127516779,
9.79865771812,
9.90604026846,
10.0134228188,
10.1208053691,
10.2281879195,
10.3355704698,
10.4429530201,
10.5503355705,
10.6577181208,
10.7651006711,
10.8724832215,
10.9798657718,
11.0872483221,
11.1946308725,
11.3020134228,
11.4093959732,
11.5167785235,
11.6241610738,
11.7315436242,
11.8389261745,
11.9463087248,
12.0536912752,
12.1610738255,
12.2684563758,
12.3758389262,
12.4832214765,
12.5906040268,
12.6979865772,
12.8053691275,
12.9127516779,
13.0201342282,
13.1275167785,
13.2348993289,
13.3422818792,
13.4496644295,
13.5570469799,
13.6644295302,
13.7718120805,
13.8791946309,
13.9865771812,
14.0939597315,
14.2013422819,
14.3087248322,
14.4161073826,
14.5234899329,
14.6308724832,
14.7382550336,
14.8456375839,
14.9530201342,
15.0604026846,
15.1677852349,
15.2751677852,
15.3825503356,
15.4899328859,
15.5973154362,
15.7046979866,
15.8120805369,
15.9194630872,
16.0268456376,
16.1342281879,
16.2416107383,
16.3489932886,
16.4563758389,
16.5637583893,
16.6711409396,
16.7785234899,
16.8859060403,
16.9932885906,
17.1006711409,
17.2080536913,
17.3154362416,
17.4228187919,
17.5302013423,
17.6375838926,
17.744966443,
17.8523489933,
17.9597315436,
18.067114094,
18.1744966443,
18.2818791946,
18.389261745,
18.4966442953,
18.6040268456,
18.711409396,
18.8187919463,
18.9261744966,
19.033557047,
19.1409395973,
19.2483221477,
19.355704698,
19.4630872483,
19.5704697987,
19.677852349,
19.7852348993,
19.8926174497,
20.0
};
const int nGSF_ETable = sizeof(adGSF_ETable)/sizeof(double);

double adGSF_E1[] = {
8.49007748058e-09,
8.5290186332e-09,
8.56814093502e-09,
8.60762560965e-09,
8.64765402959e-09,
8.68840779075e-09,
8.73006878717e-09,
8.77281928594e-09,
8.8168420023e-09,
8.86232017509e-09,
8.90943764252e-09,
8.95837891835e-09,
9.00932926845e-09,
9.06247478792e-09,
9.11800247874e-09,
9.17610032796e-09,
9.23695738661e-09,
9.30076384925e-09,
9.36771113427e-09,
9.43799196508e-09,
9.511800452e-09,
9.58933217523e-09,
9.6707842687e-09,
9.75635550491e-09,
9.84624638099e-09,
9.94065920576e-09,
1.00397981881e-08,
1.01438695264e-08,
1.02530814997e-08,
1.03676445598e-08,
1.04877714253e-08,
1.06136771763e-08,
1.07455793521e-08,
1.08836980488e-08,
1.10282560205e-08,
1.11794787806e-08,
1.1337594706e-08,
1.15028351432e-08,
1.16754345158e-08,
1.1855630435e-08,
1.20436638112e-08,
1.2239778969e-08,
1.24442237638e-08,
1.26572497011e-08,
1.28791120583e-08,
1.31100700091e-08,
1.33503867508e-08,
1.36003296342e-08,
1.38601702964e-08,
1.4130184797e-08,
1.44106537567e-08,
1.47018625002e-08,
1.50041012011e-08,
1.53176650319e-08,
1.56428543157e-08,
1.59799746835e-08,
1.63293372338e-08,
1.66912586971e-08,
1.70660616043e-08,
1.74540744587e-08,
1.78556319135e-08,
1.82710749528e-08,
1.87007510781e-08,
1.91450144985e-08,
1.96042263275e-08,
2.00787547834e-08,
2.05689753958e-08,
2.10752712176e-08,
2.15980330424e-08,
2.21376596279e-08,
2.26945579253e-08,
2.32691433151e-08,
2.38618398492e-08,
2.44730804996e-08,
2.51033074139e-08,
2.57529721786e-08,
2.64225360886e-08,
2.71124704252e-08,
2.78232567415e-08,
2.85553871557e-08,
2.93093646534e-08,
3.00857033976e-08,
3.08849290481e-08,
3.17075790903e-08,
3.25542031724e-08,
3.34253634539e-08,
3.43216349624e-08,
3.52436059624e-08,
3.61918783337e-08,
3.71670679615e-08,
3.81698051373e-08,
3.92007349723e-08,
4.02605178221e-08,
4.1349829725e-08,
4.2469362852e-08,
4.36198259712e-08,
4.4801944925e-08,
4.60164631224e-08,
4.72641420453e-08,
4.85457617701e-08,
4.98621215048e-08,
4.98621215048e-08,
5.35741779375e-08,
5.75591618677e-08,
6.18347933288e-08,
6.64200201263e-08,
7.13351162306e-08,
7.66017882878e-08,
8.2243290898e-08,
8.82845513536e-08,
9.47523045567e-08,
1.01675238867e-07,
1.09084153655e-07,
1.17012129335e-07,
1.25494710668e-07,
1.34570104075e-07,
1.44279389679e-07,
1.54666748678e-07,
1.65779706551e-07,
1.77669392388e-07,
1.90390814376e-07,
2.04003151114e-07,
2.18570057966e-07,
2.34159986988e-07,
2.50846518207e-07,
2.68708698914e-07,
2.87831386351e-07,
3.08305587449e-07,
3.3022878715e-07,
3.53705254251e-07,
3.78846310422e-07,
4.05770544085e-07,
4.34603946037e-07,
4.65479937895e-07,
4.98539257551e-07,
5.33929657804e-07,
5.71805365002e-07,
6.12326234026e-07,
6.55656524386e-07,
7.01963209855e-07,
7.51413721616e-07,
8.04173013256e-07,
8.60399826604e-07,
9.20242032457e-07,
9.83830922558e-07,
1.05127434258e-06,
1.12264858493e-06,
1.19798901052e-06,
1.2772794461e-06,
1.36044051383e-06,
1.44731719733e-06,
1.53766613285e-06,
1.63114333269e-06,
1.72729328545e-06,
1.82554061132e-06,
1.92518564268e-06,
2.02540540348e-06,
2.12526141713e-06,
2.22371553008e-06,
2.31965445578e-06,
2.41192301703e-06,
2.49936513609e-06,
2.58087059192e-06,
2.65542458547e-06,
2.72215641022e-06,
2.78038318802e-06,
2.82964481788e-06,
2.86972701748e-06,
2.90067052146e-06,
2.92276594552e-06,
2.93653528271e-06,
2.94270222389e-06,
2.94215430542e-06,
2.93590019646e-06,
2.92502526279e-06,
2.91064798502e-06,
2.89387901567e-06,
2.87578379327e-06,
2.85734883664e-06,
2.83945123302e-06,
2.82283049153e-06,
2.80806191644e-06,
2.79553100027e-06,
2.78540906489e-06,
2.77763146889e-06,
2.77188106204e-06,
2.76758098969e-06,
2.76390206117e-06,
2.7597901652e-06,
2.75401805688e-06,
2.74526283091e-06,
2.73220560063e-06,
2.71364414754e-06,
2.6886041944e-06,
2.65643243064e-06,
2.61685594401e-06,
2.5699984319e-06,
2.51635199757e-06,
2.45671189278e-06,
2.39208767995e-06,
2.3236064855e-06,
2.25242237728e-06,
2.17964170744e-06,
2.10626923651e-06,
2.03317542692e-06,
1.96108224221e-06,
1.89056324752e-06,
1.82205349563e-06,
1.75586516107e-06,
1.69220573732e-06,
1.63119653831e-06,
1.57289006987e-06,
1.51728548564e-06,
1.464341805e-06,
1.41398887316e-06,
1.36613622057e-06,
1.32068006814e-06,
1.27750875504e-06,
1.23650686168e-06,
1.19755827651e-06,
1.16054842347e-06,
1.12536583261e-06,
1.091903204e-06,
1.06005808608e-06,
1.0297332647e-06,
1.00083693835e-06,
9.73282738206e-07,
9.46989638081e-07,
9.21881788511e-07,
8.97888300817e-07,
8.74943000438e-07,
8.52984163693e-07,
8.31954248324e-07,
8.1179962515e-07,
7.92470315966e-07,
7.73919741144e-07,
7.5610447912e-07,
7.38984039063e-07,
7.22520647339e-07,
7.066790479e-07,
6.91426316398e-07,
6.76731687604e-07,
6.62566395526e-07,
6.48903525585e-07,
6.35717878093e-07,
6.22985842322e-07,
6.10685280405e-07,
5.98795420362e-07,
5.87296757561e-07,
5.7617096395e-07,
5.65400804455e-07
};
TGraph *grGSF_E1 = new TGraph(nGSF_ETable,adGSF_ETable,adGSF_E1);

double adGSF_M1[] = {
0.0,
4.48241609066e-10,
8.97705809007e-10,
1.34962319325e-09,
1.80524044652e-09,
2.26582860715e-09,
2.73269159232e-09,
3.20717507926e-09,
3.69067583948e-09,
4.18465162887e-09,
4.69063174301e-09,
5.2102283546e-09,
5.74514875847e-09,
6.29720865898e-09,
6.86834664415e-09,
7.46064000089e-09,
8.07632203483e-09,
8.71780106594e-09,
9.38768127625e-09,
1.0088785586e-08,
1.08241807271e-08,
1.15972046651e-08,
1.24114964848e-08,
1.32710287964e-08,
1.41801426264e-08,
1.51435846179e-08,
1.61665461571e-08,
1.72547037467e-08,
1.84142595255e-08,
1.96519802417e-08,
2.09752321726e-08,
2.23920083689e-08,
2.39109430927e-08,
2.5541306315e-08,
2.72929685004e-08,
2.91763225072e-08,
3.12021451596e-08,
3.33813758304e-08,
3.57247833071e-08,
3.82424856407e-08,
4.09432814124e-08,
4.38337464926e-08,
4.69170506039e-08,
5.01914571022e-08,
5.36484933867e-08,
5.72708258573e-08,
6.10299502129e-08,
6.48839199993e-08,
6.87754796977e-08,
7.26311221693e-08,
7.63617074583e-08,
7.98652873261e-08,
8.30325914717e-08,
8.57551876101e-08,
8.79356531025e-08,
8.94983473573e-08,
9.03988291346e-08,
9.06299149374e-08,
9.02229662314e-08,
8.92440889823e-08,
8.77861421465e-08,
8.59583339782e-08,
8.38754586884e-08,
8.16485010498e-08,
7.93776515888e-08,
7.71480345092e-08,
7.50278793688e-08,
7.3068553987e-08,
7.13057957924e-08,
6.97615530901e-08,
6.84459938089e-08,
6.73593968078e-08,
6.64937768799e-08,
6.58341977311e-08,
6.53597984249e-08,
6.50446040795e-08,
6.48582173093e-08,
6.47664973335e-08,
6.47323306364e-08,
6.4716580359e-08,
6.46792704621e-08,
6.45810155494e-08,
6.43846515464e-08,
6.40569638349e-08,
6.35703594188e-08,
6.29043012874e-08,
6.20463269796e-08,
6.099251333e-08,
5.97473199075e-08,
5.83228301537e-08,
5.67374921988e-08,
5.50145225053e-08,
5.31801634547e-08,
5.12619789919e-08,
4.92873374724e-08,
4.72821801218e-08,
4.5270119873e-08,
4.32718689348e-08,
4.13049599184e-08,
3.93837060931e-08,
3.7519339605e-08,
3.7519339605e-08,
3.28526507059e-08,
2.87314917131e-08,
2.51578123208e-08,
2.20899556856e-08,
1.94683851116e-08,
1.723033706e-08,
1.53170686636e-08,
1.3676781228e-08,
1.22652646143e-08,
1.10454648295e-08,
9.98662619254e-09,
9.06333590654e-09,
8.25462139724e-09,
7.54315861921e-09,
6.91460441983e-09,
6.35704577886e-09,
5.86055105951e-09,
5.41680678006e-09,
5.0188244662e-09,
4.66070418674e-09,
4.33744360689e-09,
4.04478346571e-09,
3.77908217003e-09,
3.53721367748e-09,
3.31648403946e-09,
3.11456293235e-09,
2.92942726379e-09,
2.75931454016e-09,
2.60268415269e-09,
2.45818511169e-09,
2.32462905114e-09,
2.20096755764e-09,
2.08627306087e-09,
1.97972266829e-09,
1.88058444296e-09,
1.78820571591e-09,
1.70200309884e-09,
1.6214539227e-09,
1.54608887627e-09,
1.47548565768e-09,
1.40926348379e-09,
1.34707832848e-09,
1.28861878195e-09,
1.23360244072e-09,
1.18177275253e-09,
1.13289625204e-09,
1.08676013331e-09,
1.04317011326e-09,
1.00194854698e-09,
9.62932761857e-10,
9.2597358191e-10,
8.90934018165e-10,
8.57688104067e-10,
8.26119857962e-10,
7.96122357113e-10,
7.67596909805e-10,
7.40452313889e-10,
7.14604191655e-10,
6.89974392196e-10,
6.66490453608e-10,
6.44085118278e-10,
6.22695895397e-10,
6.02264665513e-10,
5.82737322614e-10,
5.64063449709e-10,
5.46196024415e-10,
5.29091151415e-10,
5.12707819038e-10,
4.97007677514e-10,
4.81954836737e-10,
4.67515681611e-10,
4.5365870325e-10,
4.40354344515e-10,
4.27574858513e-10,
4.15294178825e-10,
4.03487800396e-10,
3.9213267007e-10,
3.81207085918e-10,
3.7069060455e-10,
3.60563955703e-10,
3.50808963466e-10,
3.41408473553e-10,
3.32346286114e-10,
3.23607093595e-10,
3.15176423237e-10,
3.07040583812e-10,
2.99186616243e-10,
2.91602247803e-10,
2.84275849588e-10,
2.7719639701e-10,
2.70353433058e-10,
2.63737034118e-10,
2.57337778154e-10,
2.5114671505e-10,
2.4515533897e-10,
2.39355562562e-10,
2.33739692882e-10,
2.28300408901e-10,
2.23030740476e-10,
2.17924048689e-10,
2.1297400744e-10,
2.08174586214e-10,
2.03520033933e-10,
1.9900486382e-10,
1.94623839196e-10,
1.90371960153e-10,
1.86244451042e-10,
1.82236748713e-10,
1.78344491464e-10,
1.74563508647e-10,
1.70889810882e-10,
1.67319580855e-10,
1.63849164641e-10,
1.60475063532e-10,
1.57193926331e-10,
1.54002542086e-10,
1.50897833231e-10,
1.4787684911e-10,
1.44936759862e-10,
1.42074850646e-10,
1.39288516177e-10,
1.36575255559e-10,
1.33932667402e-10,
1.31358445194e-10,
1.28850372923e-10,
1.26406320929e-10,
1.24024241972e-10,
1.21702167508e-10,
1.19438204156e-10,
1.17230530342e-10,
1.15077393123e-10,
1.12977105165e-10,
1.10928041873e-10,
1.08928638671e-10,
1.06977388408e-10,
1.050728389e-10,
1.03213590588e-10,
1.01398294309e-10,
9.96256491823e-11,
9.78944005848e-11,
9.62033382358e-11,
9.45512943652e-11,
9.29371419703e-11,
9.13597931541e-11,
8.98181975411e-11,
8.83113407667e-11,
8.68382430354e-11,
8.53979577458e-11,
8.3989570178e-11
};
TGraph *grGSF_M1 = new TGraph(nGSF_ETable,adGSF_ETable,adGSF_M1);

double adGSF_E2[] = {
0,
0,
0,
0,
0,
0,
0,
0,
0,
0,
0,
0,
0,
0,
0,
0,
0,
0,
0,
0,
0,
0,
0,
0,
0,
0,
0,
0,
0,
0,
0,
0,
0,
0,
0,
0,
0,
0,
0,
0,
0,
0,
0,
0,
0,
0,
0,
0,
0,
0,
0,
0,
0,
0,
0,
0,
0,
0,
0,
0,
0,
0,
0,
0,
0,
0,
0,
0,
0,
0,
0,
0,
0,
0,
0,
0,
0,
0,
0,
0,
0,
0,
0,
0,
0,
0,
0,
0,
0,
0,
0,
0,
0,
0,
0,
0,
0,
0,
0,
0,
0,
0,
0,
0,
0,
0,
0,
0,
0,
0,
0,
0,
0,
0,
0,
0,
0,
0,
0,
0,
0,
0,
0,
0,
0,
0,
0,
0,
0,
0,
0,
0,
0,
0,
0,
0,
0,
0,
0,
0,
0,
0,
0,
0,
0,
0,
0,
0,
0,
0,
0,
0,
0,
0,
0,
0,
0,
0,
0,
0,
0,
0,
0,
0,
0,
0,
0,
0,
0,
0,
0,
0,
0,
0,
0,
0,
0,
0,
0,
0,
0,
0,
0,
0,
0,
0,
0,
0,
0,
0,
0,
0,
0,
0,
0,
0,
0,
0,
0,
0,
0,
0,
0,
0,
0,
0,
0,
0,
0,
0,
0,
0,
0,
0,
0,
0,
0,
0,
0,
0,
0,
0,
0,
0,
0,
0,
0,
0,
0,
0,
0,
0,
0,
0,
0,
0,
0,
0,
0,
0,
0,
0,
0,
0,
0,
0,
0,
0,
0,
0,
0
};
TGraph *grGSF_E2 = new TGraph(nGSF_ETable,adGSF_ETable,adGSF_E2);

