# # E y yerr
1.200800000000000090e+00 4.639530399999999718e-08 1.542750299999999964e-09
1.336160000000000014e+00 3.915453199999999860e-08 1.272231499999999920e-09
1.471519999999999939e+00 4.972782700000000143e-08 1.698141100000000031e-09
1.606879999999999864e+00 6.056146900000000272e-08 2.031177700000000105e-09
1.742240000000000233e+00 5.960302099999999784e-08 2.087862999999999990e-09
1.877600000000000158e+00 7.114879700000000217e-08 2.744280099999999989e-09
2.012960000000000083e+00 1.084899200000000017e-07 4.090473300000000059e-09
2.148320000000000007e+00 1.173886700000000005e-07 4.699092200000000032e-09
2.283679999999999932e+00 1.159667100000000023e-07 4.591130999999999952e-09
2.419039999999999857e+00 1.163020999999999969e-07 5.404329900000000061e-09
2.554400000000000226e+00 1.168560399999999972e-07 5.786827000000000246e-09
2.689760000000000151e+00 1.103371399999999956e-07 5.421275899999999642e-09
2.825120000000000076e+00 1.181564600000000037e-07 6.641088099999999671e-09
2.960480000000000000e+00 1.181636700000000058e-07 6.701918099999999759e-09
3.095839999999999925e+00 1.197374499999999999e-07 7.219579600000000288e-09
3.231200000000000294e+00 1.216623199999999906e-07 7.022100699999999787e-09
3.366559999999999775e+00 1.362208300000000047e-07 8.964371499999999374e-09
3.501920000000000144e+00 1.332176699999999896e-07 8.510831200000000036e-09
3.637280000000000513e+00 1.422514400000000023e-07 1.036904300000000054e-08
3.772639999999999993e+00 1.490733000000000038e-07 1.223445799999999932e-08
3.908000000000000362e+00 1.500519999999999992e-07 1.628799300000000108e-08
4.043359999999999843e+00 1.724353199999999914e-07 2.148725099999999971e-08
