#Energy 	 NLD
1.046	51.8448
1.06291	55.8747
1.07982	59.9043
1.09672	63.9337
1.11363	67.9628
1.13053	71.9915
1.14744	77.1691
1.16435	83.1516
1.18125	89.1337
1.19816	95.1153
1.21506	101.097
1.23197	107.077
1.24888	114.359
1.26578	122.274
1.28269	130.188
1.29959	138.101
1.3165	146.013
1.33341	153.925
1.35031	164.436
1.36722	175.775
1.38413	187.114
1.40103	198.452
1.41794	209.789
1.43484	221.124
1.45175	236.08
1.46866	251.709
1.48556	267.337
1.50247	282.963
1.51937	298.588
1.53628	314.21
1.55319	332.85
1.57009	351.723
1.587	370.594
1.60391	389.462
1.62081	408.329
1.63772	427.19
1.65462	445.78
1.67153	464.367
1.68844	482.953
1.70534	501.536
1.72225	520.117
1.73915	538.75
1.75606	557.888
1.77297	577.024
1.78987	596.157
1.80678	615.287
1.82368	634.414
1.84059	653.847
1.8575	674.653
1.8744	695.456
1.89131	716.256
1.90822	737.052
1.92512	757.846
1.94203	782.088
1.95893	815.765
1.97584	849.436
1.99275	883.102
2.00965	916.764
2.02656	950.42
2.04346	993.75
2.06037	1054.83
2.07728	1115.9
2.09418	1176.96
2.11109	1238.01
2.128	1299.05
2.1449	1370.05
2.16181	1453.82
2.17871	1537.57
2.19562	1621.32
2.21253	1705.05
2.22943	1788.77
2.24634	1880.34
2.26324	1979.08
2.28015	2077.8
2.29706	2176.51
2.31396	2275.2
2.33087	2373.88
2.34777	2477.5
2.36468	2584.32
2.38159	2691.11
2.39849	2797.89
2.4154	2904.65
2.43231	3011.38
2.44921	3124.43
2.46612	3240.27
2.48302	3356.08
2.49993	3471.87
2.51684	3587.64
2.53374	3703.39
2.55065	3833.93
2.56755	3968.68
2.58446	4103.4
2.60137	4238.1
2.61827	4372.77
2.63518	4507.42
2.65208	4661.15
2.66899	4817.9
2.6859	4974.62
2.7028	5131.31
2.71971	5287.96
2.73662	5444.58
2.75352	5651.3
2.77043	5860.76
2.78733	6070.16
2.80424	6279.53
2.82115	6488.84
2.83805	6699.76
2.85496	6959.33
2.87186	7218.85
2.88877	7478.31
2.90568	7737.71
2.92258	7997.06
2.93949	8264.43
2.9564	8592.33
2.9733	8920.16
2.99021	9247.92
3.00711	9575.61
3.02402	9903.22
3.04093	10249.9
3.05783	10671.5
3.07474	11093.1
3.09164	11514.5
3.10855	11935.9
3.12546	12357.2
3.14236	12805.4
3.15927	13320.5
3.17617	13835.4
3.19308	14350.2
3.20999	14864.9
3.22689	15379.4
3.2438	15955.1
3.26071	16633.7
3.27761	17312.1
3.29452	17990.4
3.31142	18668.6
3.32833	19346.5
3.34524	20093.4
3.36214	20921.9
3.37905	21750.2
3.39595	22578.3
3.41286	23406.3
3.42977	24234
3.44667	25173.4
3.46358	26206.8
3.48049	27240
3.49739	28272.9
3.5143	29305.6
3.5312	30338.1
3.54811	31553.2
3.56502	32876.5
3.58192	34199.5
3.59883	35522.2
3.61573	36844.5
3.63264	38166.5
3.64955	39695.6
3.66645	41308
3.68336	42919.9
3.70026	44531.4
3.71717	46142.6
3.73408	47753.3
3.75098	49731.6
3.76789	51802.8
3.7848	53873.5
3.8017	55943.7
3.81861	58013.3
3.83551	60082.4
3.85242	62585.6
3.86933	65146
3.88623	67705.7
3.90314	70264.8
3.92004	72823.3
3.93695	75381
3.95386	78607.2
3.97076	81855.1
3.98767	85102.1
4.00457	88348.2
4.02148	91593.5
4.03839	94889.1
4.05529	99105.7
4.0722	103321
4.08911	107536
4.10601	111749
4.12292	115961
4.13982	120317
4.15673	125579
4.17364	130840
4.19054	136099
4.20745	141357
4.22435	146613
4.24126	152197
4.25817	158929
4.27507	165659
4.29198	172387
4.30889	179113
4.32579	185838
4.3427	193029
4.3596	201271
4.37651	209512
4.39342	217751
4.41032	225987
4.42723	234221
4.44413	243215
4.46104	253387
4.47795	263556
4.49485	273722
4.51176	283886
4.52866	294047
4.54557	305549
4.56248	318518
4.57938	331485
4.59629	344447
4.6132	357406
4.6301	370362
4.64701	385441
4.66391	402171
4.68082	418897
4.69773	435617
4.71463	452333
4.73154	469045
4.74844	489948
4.76535	513130
4.78226	536306
4.79916	559476
4.81607	582639
4.83298	605795
4.84988	634889
4.86679	666148
4.88369	697397
4.9006	728638
4.91751	759870
4.93441	791093
4.95132	829910
4.96822	870416
4.98513	910910
5.00204	951393
5.01894	991864
5.03585	1.03232e+06
5.05275	1.08185e+06
5.06966	1.13235e+06
5.08657	1.18283e+06
5.10347	1.2333e+06
5.12038	1.2863e+06
5.13729	1.34722e+06
5.15419	1.40812e+06
5.1711	1.469e+06
5.188	1.52987e+06
5.20491	1.59799e+06
5.22182	1.67125e+06
5.23872	1.74449e+06
5.25563	1.81771e+06
5.27253	1.89091e+06
5.28944	1.9777e+06
5.30635	2.06557e+06
5.32325	2.1534e+06
5.34016	2.24121e+06
5.35706	2.33363e+06
5.37397	2.43875e+06
5.39088	2.54384e+06
5.40778	2.6489e+06
5.42469	2.75393e+06
5.4416	2.87135e+06
5.4585	2.99676e+06
5.47541	3.12212e+06
5.49231	3.24745e+06
5.50922	3.37274e+06
5.52613	3.52079e+06
5.54303	3.67001e+06
5.55994	3.81918e+06
5.57684	3.96831e+06
5.59375	4.12557e+06
5.61066	4.30275e+06
5.62756	4.47987e+06
5.64447	4.65694e+06
5.66138	4.83396e+06
5.67828	5.0317e+06
5.69519	5.2415e+06
5.71209	5.45124e+06
5.729	5.66092e+06
5.74591	5.87054e+06
5.76281	6.11743e+06
5.77972	6.36529e+06
5.79662	6.61308e+06
5.81353	6.86079e+06
5.83044	7.12245e+06
5.84734	7.4147e+06
5.86425	7.70686e+06
5.88115	7.99893e+06
5.89806	8.29092e+06
5.91497	8.61682e+06
5.93187	8.96054e+06
5.94878	9.30416e+06
5.96569	9.64767e+06
5.98259	9.99108e+06
5.9995	1.03944e+07
6.0164	1.07977e+07
6.03331	1.1201e+07
6.05022	1.16042e+07
6.06712	1.20307e+07
6.08403	1.25033e+07
6.10093	1.29757e+07
6.11784	1.3448e+07
6.13475	1.39201e+07
6.15165	1.44467e+07
6.16856	1.4999e+07
6.18547	1.55512e+07
6.20237	1.61032e+07
6.21928	1.66568e+07
6.23618	1.73012e+07
6.25309	1.79455e+07
6.27	1.85896e+07
6.2869	1.92334e+07
6.30381	1.99156e+07
6.32071	2.06658e+07
6.33762	2.14159e+07
6.35453	2.21657e+07
6.37143	2.29152e+07
6.38834	2.37507e+07
6.40524	2.46225e+07
6.42215	2.5494e+07
6.43906	2.63652e+07
6.45596	2.72422e+07
6.47287	2.82537e+07
6.48978	2.92648e+07
6.50668	3.02756e+07
6.52359	3.12861e+07
6.54049	3.20403e+07
6.5574	3.23839e+07
6.57431	3.27274e+07
6.59121	3.30707e+07
6.60812	3.34139e+07
6.62502	3.3757e+07
6.64193	3.40999e+07
6.65884	3.44427e+07
6.67574	3.47854e+07
6.69265	3.51279e+07
6.70955	3.54704e+07
6.72646	3.58126e+07
6.74337	3.61548e+07
6.76027	3.64968e+07
6.77718	3.68387e+07
6.79409	3.71804e+07
6.81099	3.75221e+07
6.8279	3.78635e+07
6.8448	3.82049e+07
6.86171	3.85461e+07
6.87862	3.88872e+07
6.89552	3.92281e+07
6.91243	3.95689e+07
6.92933	3.99095e+07
6.94624	4.02501e+07
6.96315	4.05905e+07
6.98005	4.09307e+07
6.99696	4.12708e+07
7.01387	4.16108e+07
7.03077	4.19506e+07
7.04768	4.22903e+07
7.06458	4.26298e+07
7.08149	4.29692e+07
7.0984	4.33085e+07
7.1153	4.36476e+07
7.13221	4.39866e+07
7.14911	4.43254e+07
7.16602	4.46641e+07
7.18293	4.50026e+07
7.19983	4.5341e+07
7.21674	4.56793e+07
7.23364	4.60174e+07
7.25055	4.63554e+07
7.26746	4.66932e+07
7.28436	4.70309e+07
7.30127	4.73684e+07
7.31818	4.77058e+07
7.33508	4.8043e+07
7.35199	4.83801e+07
7.36889	4.8717e+07
7.3858	4.90538e+07
7.40271	4.93904e+07
7.41961	4.97269e+07
7.43652	5.00632e+07
7.45342	5.03994e+07
7.47033	5.07355e+07
7.48724	5.10713e+07
7.50414	5.14071e+07
7.52105	5.17426e+07
7.53796	5.20781e+07
7.55486	5.24133e+07
7.57177	5.27485e+07
7.58867	5.30834e+07
7.60558	5.34182e+07
7.62249	5.37529e+07
7.63939	5.40874e+07
7.6563	5.44217e+07
7.6732	5.47559e+07
7.69011	5.50899e+07
7.70702	5.54238e+07
7.72392	5.57575e+07
7.74083	5.60911e+07
7.75773	5.64245e+07
7.77464	5.67577e+07
7.79155	5.70908e+07
