   0.25  0.228  3.10E+00 1.24E+01 1.24E+01 4.83E-01 1.34E+00 1.91E+00 2.11E+00 1.98E+00 1.63E+00 1.21E+00 8.03E-01 4.85E-01 2.67E-01 1.35E-01 6.22E-02 2.64E-02 1.03E-02 3.67E-03 1.21E-03 3.65E-04 1.02E-04 2.62E-05 6.21E-06 1.36E-06 2.74E-07 5.09E-08 8.73E-09 1.38E-09 2.02E-10 2.72E-11 3.39E-12 3.89E-13 4.13E-14 
   0.50  0.279  5.10E+00 7.99E+00 7.99E+00 2.04E-01 5.80E-01 8.73E-01 1.05E+00 1.10E+00 1.04E+00 9.02E-01 7.26E-01 5.46E-01 3.85E-01 2.55E-01 1.59E-01 9.31E-02 5.16E-02 2.70E-02 1.34E-02 6.27E-03 2.78E-03 1.17E-03 4.65E-04 1.75E-04 6.25E-05 2.12E-05 6.79E-06 2.07E-06 5.97E-07 1.63E-07 4.25E-08 1.05E-08 2.45E-09 
   0.75  0.316  8.88E+00 1.51E+01 1.51E+01 3.10E-01 8.92E-01 1.37E+00 1.69E+00 1.85E+00 1.84E+00 1.69E+00 1.46E+00 1.19E+00 9.20E-01 6.73E-01 4.69E-01 3.10E-01 1.96E-01 1.18E-01 6.81E-02 3.75E-02 1.97E-02 9.91E-03 4.77E-03 2.20E-03 9.70E-04 4.10E-04 1.66E-04 6.42E-05 2.38E-05 8.47E-06 2.89E-06 9.42E-07 2.95E-07 
   1.00  0.309  1.91E+01 4.07E+01 4.07E+01 7.21E-01 2.09E+00 3.24E+00 4.08E+00 4.55E+00 4.65E+00 4.44E+00 4.00E+00 3.41E+00 2.77E+00 2.14E+00 1.59E+00 1.13E+00 7.66E-01 5.00E-01 3.13E-01 1.89E-01 1.09E-01 6.10E-02 3.27E-02 1.69E-02 8.39E-03 4.02E-03 1.85E-03 8.22E-04 3.52E-04 1.45E-04 5.76E-05 2.21E-05 8.14E-06 
   1.25  0.257  4.28E+01 9.49E+01 9.49E+01 1.50E+00 4.37E+00 6.83E+00 8.69E+00 9.84E+00 1.03E+01 1.00E+01 9.26E+00 8.14E+00 6.83E+00 5.50E+00 4.25E+00 3.15E+00 2.25E+00 1.55E+00 1.03E+00 6.59E-01 4.07E-01 2.43E-01 1.40E-01 7.81E-02 4.20E-02 2.19E-02 1.10E-02 5.35E-03 2.52E-03 1.15E-03 5.04E-04 2.15E-04 8.84E-05 
   1.50  0.398  8.38E+01 1.64E+02 1.64E+02 2.37E+00 6.91E+00 1.09E+01 1.39E+01 1.60E+01 1.69E+01 1.68E+01 1.58E+01 1.42E+01 1.22E+01 1.01E+01 8.05E+00 6.18E+00 4.57E+00 3.27E+00 2.27E+00 1.52E+00 9.83E-01 6.16E-01 3.75E-01 2.20E-01 1.26E-01 6.96E-02 3.73E-02 1.94E-02 9.77E-03 4.78E-03 2.27E-03 1.04E-03 4.66E-04 
   1.75  0.495  1.51E+02 2.70E+02 2.70E+02 3.62E+00 1.06E+01 1.67E+01 2.16E+01 2.49E+01 2.66E+01 2.68E+01 2.56E+01 2.34E+01 2.05E+01 1.73E+01 1.41E+01 1.11E+01 8.48E+00 6.26E+00 4.47E+00 3.10E+00 2.08E+00 1.36E+00 8.58E-01 5.27E-01 3.15E-01 1.82E-01 1.03E-01 5.62E-02 2.99E-02 1.55E-02 7.77E-03 3.79E-03 1.80E-03 
   2.00  0.531  2.62E+02 4.41E+02 4.41E+02 5.52E+00 1.62E+01 2.56E+01 3.32E+01 3.86E+01 4.17E+01 4.23E+01 4.10E+01 3.80E+01 3.38E+01 2.91E+01 2.42E+01 1.94E+01 1.51E+01 1.14E+01 8.38E+00 5.97E+00 4.13E+00 2.77E+00 1.81E+00 1.15E+00 7.13E-01 4.29E-01 2.52E-01 1.43E-01 7.96E-02 4.30E-02 2.27E-02 1.16E-02 5.80E-03 
   2.25  0.452  4.74E+02 8.49E+02 8.49E+02 1.00E+01 2.94E+01 4.67E+01 6.09E+01 7.13E+01 7.74E+01 7.93E+01 7.75E+01 7.26E+01 6.56E+01 5.72E+01 4.82E+01 3.94E+01 3.13E+01 2.41E+01 1.81E+01 1.31E+01 9.32E+00 6.43E+00 4.32E+00 2.82E+00 1.80E+00 1.12E+00 6.76E-01 3.99E-01 2.29E-01 1.29E-01 7.04E-02 3.75E-02 1.95E-02 
   2.50  0.401  8.65E+02 1.56E+03 1.56E+03 1.76E+01 5.15E+01 8.21E+01 1.07E+02 1.26E+02 1.38E+02 1.42E+02 1.40E+02 1.33E+02 1.21E+02 1.07E+02 9.14E+01 7.58E+01 6.11E+01 4.79E+01 3.65E+01 2.71E+01 1.96E+01 1.38E+01 9.49E+00 6.36E+00 4.15E+00 2.65E+00 1.65E+00 1.00E+00 5.93E-01 3.43E-01 1.94E-01 1.07E-01 5.76E-02 
   2.75  0.405  1.59E+03 2.90E+03 2.90E+03 3.11E+01 9.14E+01 1.46E+02 1.91E+02 2.26E+02 2.48E+02 2.58E+02 2.56E+02 2.44E+02 2.25E+02 2.00E+02 1.73E+02 1.45E+02 1.19E+02 9.44E+01 7.31E+01 5.52E+01 4.06E+01 2.92E+01 2.04E+01 1.40E+01 9.33E+00 6.09E+00 3.88E+00 2.41E+00 1.47E+00 8.72E-01 5.06E-01 2.87E-01 1.60E-01 
   3.00  0.405  2.93E+03 5.37E+03 5.37E+03 5.52E+01 1.62E+02 2.59E+02 3.41E+02 4.04E+02 4.46E+02 4.65E+02 4.65E+02 4.47E+02 4.15E+02 3.73E+02 3.26E+02 2.77E+02 2.29E+02 1.84E+02 1.44E+02 1.11E+02 8.27E+01 6.03E+01 4.30E+01 2.99E+01 2.04E+01 1.35E+01 8.81E+00 5.60E+00 3.48E+00 2.12E+00 1.26E+00 7.34E-01 4.18E-01 
   3.25  0.405  5.41E+03 9.91E+03 9.91E+03 9.79E+01 2.88E+02 4.61E+02 6.09E+02 7.23E+02 8.00E+02 8.40E+02 8.43E+02 8.16E+02 7.63E+02 6.92E+02 6.09E+02 5.22E+02 4.36E+02 3.55E+02 2.82E+02 2.19E+02 1.66E+02 1.23E+02 8.87E+01 6.27E+01 4.34E+01 2.94E+01 1.95E+01 1.26E+01 8.00E+00 4.97E+00 3.02E+00 1.80E+00 1.05E+00 
   3.50  0.405  9.98E+03 1.83E+04 1.83E+04 1.74E+02 5.12E+02 8.21E+02 1.09E+03 1.29E+03 1.44E+03 1.51E+03 1.53E+03 1.49E+03 1.40E+03 1.28E+03 1.13E+03 9.80E+02 8.26E+02 6.79E+02 5.45E+02 4.27E+02 3.28E+02 2.46E+02 1.80E+02 1.29E+02 9.07E+01 6.24E+01 4.20E+01 2.77E+01 1.79E+01 1.13E+01 7.01E+00 4.25E+00 2.53E+00 
   3.75  0.405  1.85E+04 3.41E+04 3.41E+04 3.14E+02 9.24E+02 1.48E+03 1.97E+03 2.35E+03 2.62E+03 2.77E+03 2.81E+03 2.74E+03 2.60E+03 2.39E+03 2.13E+03 1.86E+03 1.58E+03 1.31E+03 1.06E+03 8.41E+02 6.51E+02 4.94E+02 3.67E+02 2.66E+02 1.90E+02 1.32E+02 9.03E+01 6.04E+01 3.96E+01 2.55E+01 1.61E+01 9.93E+00 6.02E+00 
   4.00  0.405  3.44E+04 6.34E+04 6.34E+04 5.66E+02 1.67E+03 2.68E+03 3.56E+03 4.26E+03 4.76E+03 5.05E+03 5.15E+03 5.05E+03 4.81E+03 4.44E+03 4.00E+03 3.51E+03 3.00E+03 2.51E+03 2.05E+03 1.64E+03 1.28E+03 9.83E+02 7.38E+02 5.42E+02 3.91E+02 2.76E+02 1.91E+02 1.29E+02 8.62E+01 5.62E+01 3.60E+01 2.26E+01 1.39E+01 
   4.25  0.405  6.38E+04 1.18E+05 1.18E+05 1.02E+03 3.01E+03 4.85E+03 6.44E+03 7.73E+03 8.66E+03 9.22E+03 9.42E+03 9.29E+03 8.88E+03 8.25E+03 7.46E+03 6.59E+03 5.68E+03 4.78E+03 3.94E+03 3.18E+03 2.51E+03 1.94E+03 1.47E+03 1.09E+03 7.95E+02 5.68E+02 3.98E+02 2.73E+02 1.84E+02 1.22E+02 7.91E+01 5.04E+01 3.15E+01 
   4.50  0.405  1.18E+05 2.18E+05 2.18E+05 1.84E+03 5.43E+03 8.75E+03 1.16E+04 1.40E+04 1.57E+04 1.68E+04 1.72E+04 1.70E+04 1.64E+04 1.53E+04 1.39E+04 1.23E+04 1.07E+04 9.06E+03 7.52E+03 6.11E+03 4.86E+03 3.79E+03 2.90E+03 2.17E+03 1.60E+03 1.15E+03 8.18E+02 5.69E+02 3.88E+02 2.60E+02 1.71E+02 1.10E+02 7.00E+01 
   4.75  0.405  2.19E+05 4.04E+05 4.04E+05 3.31E+03 9.77E+03 1.58E+04 2.10E+04 2.53E+04 2.85E+04 3.05E+04 3.13E+04 3.11E+04 3.00E+04 2.81E+04 2.57E+04 2.30E+04 2.00E+04 1.71E+04 1.43E+04 1.17E+04 9.36E+03 7.36E+03 5.68E+03 4.29E+03 3.19E+03 2.32E+03 1.66E+03 1.17E+03 8.06E+02 5.46E+02 3.63E+02 2.38E+02 1.53E+02 
   5.00  0.405  4.05E+05 7.43E+05 7.43E+05 5.95E+03 1.76E+04 2.84E+04 3.78E+04 4.56E+04 5.15E+04 5.52E+04 5.70E+04 5.68E+04 5.49E+04 5.17E+04 4.75E+04 4.26E+04 3.73E+04 3.20E+04 2.69E+04 2.22E+04 1.79E+04 1.42E+04 1.10E+04 8.40E+03 6.29E+03 4.63E+03 3.34E+03 2.37E+03 1.65E+03 1.13E+03 7.62E+02 5.04E+02 3.28E+02 
   5.50  0.405  1.69E+06 2.57E+06 2.57E+06 1.96E+04 5.80E+04 9.38E+04 1.25E+05 1.52E+05 1.72E+05 1.85E+05 1.92E+05 1.92E+05 1.87E+05 1.78E+05 1.64E+05 1.49E+05 1.32E+05 1.14E+05 9.69E+04 8.08E+04 6.60E+04 5.30E+04 4.18E+04 3.23E+04 2.46E+04 1.84E+04 1.35E+04 9.74E+03 6.91E+03 4.83E+03 3.31E+03 2.24E+03 1.49E+03 
   6.00  0.405  6.13E+06 8.87E+06 8.87E+06 6.50E+04 1.92E+05 3.11E+05 4.16E+05 5.05E+05 5.73E+05 6.20E+05 6.46E+05 6.51E+05 6.38E+05 6.09E+05 5.67E+05 5.17E+05 4.61E+05 4.04E+05 3.46E+05 2.91E+05 2.41E+05 1.96E+05 1.56E+05 1.22E+05 9.42E+04 7.14E+04 5.32E+04 3.90E+04 2.81E+04 2.00E+04 1.39E+04 9.59E+03 6.48E+03 
   6.50  0.405  2.13E+07 3.03E+07 3.03E+07 2.13E+05 6.31E+05 1.02E+06 1.37E+06 1.67E+06 1.90E+06 2.06E+06 2.16E+06 2.18E+06 2.15E+06 2.06E+06 1.93E+06 1.77E+06 1.60E+06 1.41E+06 1.22E+06 1.03E+06 8.62E+05 7.07E+05 5.70E+05 4.52E+05 3.53E+05 2.71E+05 2.04E+05 1.52E+05 1.11E+05 8.00E+04 5.67E+04 3.96E+04 2.72E+04 
   7.00  0.405  7.33E+07 1.04E+08 1.04E+08 7.07E+05 2.09E+06 3.39E+06 4.56E+06 5.55E+06 6.34E+06 6.90E+06 7.24E+06 7.36E+06 7.28E+06 7.02E+06 6.62E+06 6.11E+06 5.53E+06 4.91E+06 4.28E+06 3.67E+06 3.08E+06 2.55E+06 2.08E+06 1.66E+06 1.31E+06 1.02E+06 7.77E+05 5.85E+05 4.33E+05 3.16E+05 2.27E+05 1.61E+05 1.12E+05 
   7.50  0.405  2.53E+08 3.60E+08 3.60E+08 2.36E+06 7.00E+06 1.14E+07 1.53E+07 1.87E+07 2.13E+07 2.33E+07 2.45E+07 2.50E+07 2.49E+07 2.41E+07 2.28E+07 2.12E+07 1.93E+07 1.72E+07 1.51E+07 1.30E+07 1.11E+07 9.23E+06 7.58E+06 6.12E+06 4.87E+06 3.82E+06 2.95E+06 2.24E+06 1.68E+06 1.24E+06 9.01E+05 6.46E+05 4.57E+05 
   8.00  0.405  8.70E+08 1.23E+09 1.23E+09 7.85E+06 2.32E+07 3.78E+07 5.09E+07 6.22E+07 7.13E+07 7.81E+07 8.24E+07 8.43E+07 8.40E+07 8.18E+07 7.78E+07 7.26E+07 6.64E+07 5.97E+07 5.27E+07 4.58E+07 3.91E+07 3.28E+07 2.72E+07 2.21E+07 1.78E+07 1.40E+07 1.09E+07 8.40E+06 6.36E+06 4.75E+06 3.49E+06 2.53E+06 1.81E+06 
   8.50  0.405  2.98E+09 4.21E+09 4.21E+09 2.60E+07 7.70E+07 1.25E+08 1.69E+08 2.07E+08 2.38E+08 2.61E+08 2.76E+08 2.83E+08 2.83E+08 2.77E+08 2.64E+08 2.48E+08 2.28E+08 2.06E+08 1.83E+08 1.60E+08 1.37E+08 1.16E+08 9.67E+07 7.93E+07 6.42E+07 5.12E+07 4.02E+07 3.11E+07 2.38E+07 1.79E+07 1.33E+07 9.76E+06 7.06E+06 
   9.00  0.405  1.03E+10 1.46E+10 1.46E+10 8.77E+07 2.60E+08 4.23E+08 5.71E+08 7.00E+08 8.06E+08 8.86E+08 9.39E+08 9.67E+08 9.70E+08 9.50E+08 9.12E+08 8.58E+08 7.92E+08 7.19E+08 6.42E+08 5.64E+08 4.87E+08 4.15E+08 3.48E+08 2.88E+08 2.34E+08 1.88E+08 1.49E+08 1.16E+08 8.97E+07 6.82E+07 5.11E+07 3.78E+07 2.76E+07 
   9.50  0.405  3.54E+10 5.02E+10 5.02E+10 2.93E+08 8.70E+08 1.42E+09 1.91E+09 2.35E+09 2.71E+09 2.98E+09 3.17E+09 3.27E+09 3.29E+09 3.24E+09 3.12E+09 2.94E+09 2.73E+09 2.49E+09 2.23E+09 1.97E+09 1.71E+09 1.46E+09 1.24E+09 1.03E+09 8.43E+08 6.82E+08 5.44E+08 4.28E+08 3.32E+08 2.55E+08 1.93E+08 1.44E+08 1.06E+08 
  10.00  0.405  1.21E+11 1.70E+11 1.70E+11 9.72E+08 2.88E+09 4.70E+09 6.35E+09 7.80E+09 9.01E+09 9.94E+09 1.06E+10 1.10E+10 1.10E+10 1.09E+10 1.05E+10 9.97E+09 9.28E+09 8.49E+09 7.65E+09 6.78E+09 5.92E+09 5.10E+09 4.32E+09 3.62E+09 2.98E+09 2.43E+09 1.95E+09 1.55E+09 1.21E+09 9.34E+08 7.12E+08 5.36E+08 3.98E+08 
  11.00  0.405  2.16E+12 2.04E+12 2.04E+12 1.11E+10 3.29E+10 5.37E+10 7.28E+10 8.96E+10 1.04E+11 1.15E+11 1.23E+11 1.27E+11 1.29E+11 1.28E+11 1.24E+11 1.19E+11 1.11E+11 1.02E+11 9.30E+10 8.32E+10 7.33E+10 6.37E+10 5.46E+10 4.61E+10 3.85E+10 3.17E+10 2.57E+10 2.07E+10 1.64E+10 1.28E+10 9.91E+09 7.57E+09 5.71E+09 
  12.00  0.405  2.61E+13 2.40E+13 2.40E+13 1.25E+11 3.71E+11 6.06E+11 8.22E+11 1.01E+12 1.18E+12 1.31E+12 1.40E+12 1.46E+12 1.49E+12 1.48E+12 1.44E+12 1.38E+12 1.31E+12 1.21E+12 1.11E+12 9.97E+11 8.85E+11 7.75E+11 6.70E+11 5.72E+11 4.81E+11 4.00E+11 3.29E+11 2.67E+11 2.14E+11 1.69E+11 1.33E+11 1.03E+11 7.84E+10 
  13.00  0.405  3.09E+14 2.83E+14 2.83E+14 1.42E+12 4.22E+12 6.89E+12 9.36E+12 1.16E+13 1.34E+13 1.49E+13 1.61E+13 1.68E+13 1.72E+13 1.72E+13 1.68E+13 1.62E+13 1.54E+13 1.43E+13 1.32E+13 1.20E+13 1.07E+13 9.43E+12 8.21E+12 7.06E+12 6.00E+12 5.03E+12 4.17E+12 3.42E+12 2.77E+12 2.21E+12 1.75E+12 1.37E+12 1.06E+12 
  14.00  0.405  3.67E+15 3.36E+15 3.36E+15 1.63E+13 4.83E+13 7.90E+13 1.07E+14 1.33E+14 1.55E+14 1.72E+14 1.86E+14 1.95E+14 2.00E+14 2.00E+14 1.97E+14 1.91E+14 1.82E+14 1.71E+14 1.58E+14 1.44E+14 1.29E+14 1.15E+14 1.01E+14 8.72E+13 7.46E+13 6.31E+13 5.27E+13 4.36E+13 3.56E+13 2.88E+13 2.30E+13 1.82E+13 1.42E+13 
  15.00  0.405  4.29E+16 3.93E+16 3.93E+16 1.84E+14 5.46E+14 8.93E+14 1.22E+15 1.51E+15 1.76E+15 1.96E+15 2.12E+15 2.23E+15 2.29E+15 2.30E+15 2.28E+15 2.21E+15 2.11E+15 1.99E+15 1.85E+15 1.70E+15 1.53E+15 1.37E+15 1.21E+15 1.05E+15 9.08E+14 7.73E+14 6.51E+14 5.42E+14 4.47E+14 3.64E+14 2.93E+14 2.34E+14 1.84E+14 
  16.00  0.405  5.12E+17 4.69E+17 4.69E+17 2.12E+15 6.31E+15 1.03E+16 1.41E+16 1.75E+16 2.04E+16 2.28E+16 2.47E+16 2.60E+16 2.68E+16 2.71E+16 2.68E+16 2.62E+16 2.51E+16 2.38E+16 2.22E+16 2.04E+16 1.85E+16 1.67E+16 1.48E+16 1.30E+16 1.12E+16 9.63E+15 8.16E+15 6.84E+15 5.68E+15 4.66E+15 3.79E+15 3.04E+15 2.42E+15 
  17.00  0.405  6.04E+18 5.52E+18 5.52E+18 2.43E+16 7.22E+16 1.18E+17 1.61E+17 2.00E+17 2.34E+17 2.62E+17 2.85E+17 3.01E+17 3.11E+17 3.14E+17 3.12E+17 3.06E+17 2.94E+17 2.79E+17 2.62E+17 2.42E+17 2.21E+17 1.99E+17 1.78E+17 1.57E+17 1.37E+17 1.18E+17 1.00E+17 8.48E+16 7.08E+16 5.85E+16 4.79E+16 3.88E+16 3.11E+16 
  18.00  0.405  7.10E+19 6.49E+19 6.49E+19 2.78E+17 8.26E+17 1.35E+18 1.85E+18 2.29E+18 2.69E+18 3.02E+18 3.28E+18 3.47E+18 3.59E+18 3.64E+18 3.63E+18 3.56E+18 3.44E+18 3.28E+18 3.08E+18 2.86E+18 2.62E+18 2.38E+18 2.13E+18 1.89E+18 1.65E+18 1.43E+18 1.23E+18 1.04E+18 8.76E+17 7.29E+17 6.00E+17 4.89E+17 3.95E+17 
  19.00  0.405  8.44E+20 7.73E+20 7.73E+20 3.22E+18 9.58E+18 1.57E+19 2.14E+19 2.67E+19 3.13E+19 3.51E+19 3.82E+19 4.05E+19 4.20E+19 4.27E+19 4.27E+19 4.20E+19 4.07E+19 3.89E+19 3.67E+19 3.42E+19 3.15E+19 2.86E+19 2.58E+19 2.29E+19 2.02E+19 1.76E+19 1.52E+19 1.29E+19 1.09E+19 9.15E+18 7.58E+18 6.22E+18 5.05E+18 
  20.00  0.405  9.90E+21 9.05E+21 9.05E+21 3.68E+19 1.09E+20 1.79E+20 2.45E+20 3.05E+20 3.58E+20 4.03E+20 4.39E+20 4.66E+20 4.85E+20 4.94E+20 4.95E+20 4.88E+20 4.74E+20 4.54E+20 4.30E+20 4.02E+20 3.71E+20 3.39E+20 3.06E+20 2.73E+20 2.42E+20 2.12E+20 1.83E+20 1.57E+20 1.34E+20 1.12E+20 9.36E+19 7.73E+19 6.32E+19 
  22.50  0.405  1.10E+25 4.38E+24 4.38E+24 1.68E+22 4.99E+22 8.19E+22 1.12E+23 1.40E+23 1.64E+23 1.86E+23 2.03E+23 2.16E+23 2.26E+23 2.31E+23 2.32E+23 2.30E+23 2.25E+23 2.17E+23 2.07E+23 1.95E+23 1.81E+23 1.67E+23 1.52E+23 1.37E+23 1.23E+23 1.08E+23 9.49E+22 8.23E+22 7.07E+22 6.02E+22 5.08E+22 4.24E+22 3.52E+22 
  25.00  0.405  5.23E+27 2.09E+27 2.09E+27 7.59E+24 2.26E+25 3.72E+25 5.09E+25 6.35E+25 7.49E+25 8.47E+25 9.29E+25 9.93E+25 1.04E+26 1.07E+26 1.08E+26 1.08E+26 1.06E+26 1.03E+26 9.82E+25 9.31E+25 8.72E+25 8.09E+25 7.42E+25 6.74E+25 6.07E+25 5.41E+25 4.78E+25 4.18E+25 3.63E+25 3.12E+25 2.66E+25 2.25E+25 1.88E+25 
