 Parameters used:

First geneneration spectra extracted for
excitation energies between  8510.-   16. keV
corresponding to y-channels   312 -   61
 Number of spectra=  252
 Ax0 = -1988.0 Ax1 =    32.0 Ay0 = -2047.8 Ay1 =    33.8
 AxW0=     0.0 AxW1=     0.0 AyW0=     0.0 AyW1=     0.0
 Weighting: 0 Level density parameter a=16.0 Exponent n=4.2
 Normalization= 2 Stat/Tot= 1 Areacorr.= 0
 Experimental lower gamma threshold:      200.0 keV (ch=  68)
 Upper threshold for statistical gammas:  430.0 keV (ch=  76)
 Average energy entry point in g.s. band:  300.(stat)     0.(tot)
 Sliding threshold given by Ex*R, with R = 0.30
 Multiplicities: MA = Af/Afg and ME = (Ex-ExEntry)/<Eg>

Iteration number:   1
Y-ch   Ex        Af        Ag       Afg  Mult    Sing Alpha MATot METot MASta MESta
312  8510.   204444.   153072.    51373. 3.56       0  1.00  3.98  3.69  3.98  3.56
311  8476.   234139.   175812.    58327. 3.53       0  1.00  4.02  3.66  4.01  3.53
310  8443.   264754.   199540.    65213. 3.50       0  1.00  4.06  3.62  4.06  3.50
309  8409.   304569.   234609.    69961. 3.40       0  1.00  4.36  3.53  4.35  3.40
308  8375.   350796.   282906.    67890. 3.23       0  1.00  5.17  3.35  5.17  3.23
307  8341.   415075.   352430.    62646. 3.05       0  1.00  6.63  3.16  6.63  3.05
306  8307.   507271.   452175.    55095. 2.88       0  1.00  9.22  2.99  9.21  2.88
305  8273.   618154.   573916.    44239. 2.75       0  1.00 14.00  2.85 13.97  2.75
304  8240.   736122.   707708.    28414. 2.64       0  1.00 26.00  2.74 25.91  2.64
303  8206.   876008.   863129.    12879. 2.56       0  1.00 68.72  2.65 68.02  2.56
302  8172.  1024429.  1026148.    -1720. 2.50       0  1.00  0.00  2.59  0.00  2.50
301  8138.  1153318.  1169300.   -15981. 2.45       0  1.00  0.00  2.54  0.00  2.45
300  8104.  1288248.  1316081.   -27833. 2.41       0  1.00  0.00  2.51  0.00  2.41
299  8070.  1404262.  1442627.   -38365. 2.38       0  1.00  0.00  2.48  0.00  2.38
298  8036.  1499210.  1539591.   -40381. 2.37       0  1.00  0.00  2.46  0.00  2.37
297  8003.  1573834.  1620845.   -47011. 2.34       0  1.00  0.00  2.43  0.00  2.34
296  7969.  1620291.  1666474.   -46182. 2.33       0  1.00  0.00  2.42  0.00  2.33
295  7935.  1645498.  1689745.   -44247. 2.32       0  1.00  0.00  2.41  0.00  2.32
294  7901.  1639583.  1673962.   -34380. 2.31       0  1.00  0.00  2.40  0.00  2.31
293  7867.  1596095.  1624796.   -28702. 2.30       0  1.00  0.00  2.39  0.00  2.30
292  7833.  1513628.  1536700.   -23072. 2.29       0  1.00  0.00  2.38  0.00  2.29
291  7800.  1399823.  1410903.   -11080. 2.29       0  1.00  0.00  2.38  0.00  2.29
290  7766.  1259586.  1263182.    -3596. 2.28       0  1.00  0.00  2.37  0.00  2.28
289  7732.  1098968.  1093654.     5314. 2.28       0  1.00218.50  2.37206.80  2.28
288  7698.   923301.   911116.    12185. 2.28       0  1.00 77.34  2.38 75.78  2.28
287  7664.   755546.   736656.    18890. 2.29       0  1.00 40.44  2.39 40.00  2.29
286  7630.   590168.   566466.    23702. 2.31       0  1.00 25.07  2.41 24.90  2.31
285  7597.   454781.   426542.    28239. 2.35       0  1.00 16.18  2.44 16.10  2.35
284  7563.   331968.   304069.    27899. 2.39       0  1.00 11.94  2.48 11.90  2.39
283  7529.   236307.   207543.    28764. 2.47       0  1.00  8.23  2.57  8.22  2.47
282  7495.   164540.   133702.    30838. 2.65       0  1.00  5.34  2.76  5.34  2.65
281  7461.   118603.    85943.    32661. 2.95       0  1.00  3.63  3.07  3.63  2.95
280  7427.    94837.    60717.    34120. 3.31       0  1.00  2.78  3.45  2.78  3.31
279  7394.    85810.    49802.    36008. 3.62       0  1.00  2.38  3.78  2.38  3.62
278  7360.    81928.    45772.    36156. 3.74       0  1.00  2.27  3.90  2.27  3.74
277  7326.    82773.    45871.    36902. 3.74       0  1.00  2.24  3.90  2.24  3.74
276  7292.    82615.    45166.    37449. 3.76       0  1.00  2.21  3.92  2.21  3.76
275  7258.    83544.    45707.    37837. 3.73       0  1.00  2.21  3.89  2.21  3.73
274  7224.    83533.    45429.    38103. 3.73       0  1.00  2.19  3.89  2.19  3.73
273  7190.    85131.    46204.    38927. 3.71       0  1.00  2.19  3.87  2.19  3.71
272  7157.    86224.    46656.    39568. 3.69       0  1.00  2.18  3.86  2.18  3.69
271  7123.    87049.    46584.    40465. 3.71       0  1.00  2.15  3.87  2.15  3.71
270  7089.    88331.    47521.    40810. 3.66       0  1.00  2.17  3.83  2.16  3.66
269  7055.    89947.    47736.    42211. 3.69       0  1.00  2.13  3.85  2.13  3.69
268  7021.    92397.    49049.    43348. 3.66       0  1.00  2.13  3.83  2.13  3.66
267  6987.    93528.    49600.    43928. 3.64       0  1.00  2.13  3.80  2.13  3.64
266  6954.    96924.    50911.    46013. 3.65       0  1.00  2.11  3.82  2.11  3.65
265  6920.    98470.    51632.    46837. 3.63       0  1.00  2.10  3.80  2.10  3.63
264  6886.   101445.    53793.    47652. 3.57       0  1.00  2.13  3.73  2.13  3.57
263  6852.   103201.    53773.    49428. 3.61       0  1.00  2.09  3.78  2.09  3.61
262  6818.   104749.    55390.    49359. 3.54       0  1.00  2.12  3.70  2.12  3.54
261  6784.   108104.    57036.    51068. 3.52       0  1.00  2.12  3.68  2.12  3.52
260  6751.   112319.    57882.    54437. 3.58       0  1.00  2.07  3.75  2.06  3.58
259  6717.   119749.    61072.    58677. 3.60       0  1.00  2.04  3.77  2.04  3.60
258  6683.   133707.    64292.    69416. 3.79       0  1.00  1.93  3.97  1.93  3.79
257  6649.   156345.    70634.    85711. 4.01       0  1.00  1.83  4.20  1.82  4.01
256  6615.   185252.    77533.   107719. 4.30       0  1.00  1.72  4.51  1.72  4.30
255  6581.   220204.    86059.   134144. 4.58       0  1.00  1.64  4.80  1.64  4.58
254  6548.   260113.    98091.   162022. 4.72       0  1.00  1.61  4.95  1.61  4.72
253  6514.   297676.   105823.   191852. 4.98    1000  1.00  1.55  5.22  1.55  4.98
252  6480.   334181.   115136.   219045. 5.10       0  1.00  1.53  5.35  1.53  5.10
251  6446.   360641.   121262.   239380. 5.20       0  1.00  1.51  5.45  1.51  5.20
250  6412.   377428.   125505.   251922. 5.23       0  1.00  1.50  5.48  1.50  5.23
249  6378.   383334.   127468.   255866. 5.19       0  1.00  1.50  5.45  1.50  5.19
248  6344.   376668.   124016.   252653. 5.21    1000  1.00  1.49  5.47  1.49  5.21
247  6311.   361319.   120081.   241238. 5.13       0  1.00  1.50  5.39  1.50  5.13
246  6277.   336528.   113730.   222798. 5.02    1000  1.00  1.51  5.27  1.51  5.02
245  6243.   306521.   104939.   201581. 4.92    1000  1.00  1.52  5.17  1.52  4.92
244  6209.   270993.    95383.   175610. 4.76    1000  1.00  1.54  5.00  1.54  4.76
243  6175.   231488.    84479.   147009. 4.56       0  1.00  1.58  4.79  1.57  4.56
242  6141.   195566.    74799.   120767. 4.33    1000  1.00  1.62  4.55  1.62  4.33
241  6108.   163025.    65458.    97567. 4.09    1000  1.00  1.67  4.31  1.67  4.09
240  6074.   137857.    59165.    78692. 3.81    1000  1.00  1.75  4.00  1.75  3.81
239  6040.   116781.    53030.    63751. 3.57    1000  1.00  1.83  3.76  1.83  3.57
238  6006.   101924.    49063.    52862. 3.35       0  1.00  1.93  3.53  1.93  3.35
237  5972.    93221.    47239.    45982. 3.16    1000  1.00  2.03  3.33  2.03  3.16
236  5938.    86869.    45045.    41824. 3.07    1000  1.00  2.08  3.23  2.08  3.07
235  5905.    83746.    44758.    38988. 2.96    1000  1.00  2.15  3.12  2.15  2.96
234  5871.    82655.    45131.    37524. 2.87    1000  1.00  2.21  3.03  2.20  2.87
233  5837.    79815.    44213.    35603. 2.81    1000  1.00  2.25  2.97  2.24  2.81
232  5803.    77331.    43406.    33925. 2.76    1000  1.00  2.29  2.91  2.28  2.76
231  5769.    77687.    45324.    32363. 2.64    1000  1.00  2.41  2.78  2.40  2.64
230  5735.    76998.    44685.    32313. 2.63    1000  1.00  2.39  2.78  2.38  2.63
229  5702.    78467.    45642.    32825. 2.61    1000  1.00  2.40  2.75  2.39  2.61
228  5668.    79341.    45863.    33478. 2.60    1000  1.00  2.38  2.75  2.37  2.60
227  5634.    80740.    47034.    33706. 2.57    1000  1.00  2.40  2.71  2.40  2.57
226  5600.    79978.    46456.    33522. 2.55    1000  1.00  2.40  2.70  2.39  2.55
225  5566.    82090.    48552.    33539. 2.49    1000  1.00  2.46  2.63  2.45  2.49
224  5532.    80033.    45752.    34281. 2.56    1000  1.00  2.34  2.70  2.33  2.56
223  5498.    82944.    48369.    34575. 2.49    1000  1.00  2.41  2.63  2.40  2.49
222  5465.    83432.    48491.    34941. 2.48    1000  1.00  2.40  2.62  2.39  2.48
221  5431.    82728.    47102.    35626. 2.51    1000  1.00  2.33  2.66  2.32  2.51
220  5397.    86273.    49350.    36922. 2.48    1000  1.00  2.35  2.62  2.34  2.48
219  5363.    88396.    49669.    38727. 2.50    1000  1.00  2.29  2.65  2.28  2.50
218  5329.    90188.    50447.    39741. 2.49    1000  1.00  2.28  2.64  2.27  2.49
217  5295.    92083.    50788.    41296. 2.51    1000  1.00  2.24  2.66  2.23  2.51
216  5262.    92360.    50643.    41716. 2.50    1000  1.00  2.23  2.65  2.21  2.50
215  5228.    95276.    52164.    43112. 2.49    1000  1.00  2.22  2.64  2.21  2.49
214  5194.    96537.    52882.    43655. 2.46    1000  1.00  2.22  2.62  2.21  2.46
213  5160.    97399.    52160.    45239. 2.50    1000  1.00  2.17  2.65  2.15  2.50
212  5126.    97365.    52736.    44628. 2.45    1000  1.00  2.19  2.60  2.18  2.45
211  5092.    98251.    53679.    44572. 2.41    1000  1.00  2.22  2.56  2.20  2.41
210  5059.    96783.    52408.    44375. 2.41    1000  1.00  2.20  2.56  2.18  2.41
209  5025.    95444.    51943.    43501. 2.38    1000  1.00  2.21  2.53  2.19  2.38
208  4991.    93345.    50271.    43073. 2.38    1000  1.00  2.18  2.53  2.17  2.38
207  4957.    91903.    50198.    41705. 2.33    1000  1.00  2.22  2.48  2.20  2.33
206  4923.    89067.    48660.    40407. 2.30    1000  1.00  2.22  2.45  2.20  2.30
205  4889.    86030.    47007.    39023. 2.28    1000  1.00  2.22  2.43  2.20  2.28
204  4856.    83893.    45865.    38028. 2.26    1000  1.00  2.23  2.41  2.21  2.26
203  4822.    80619.    44182.    36437. 2.23    1000  1.00  2.23  2.38  2.21  2.23
202  4788.    78236.    42886.    35351. 2.21    1000  1.00  2.23  2.36  2.21  2.21
201  4754.    75995.    40809.    35187. 2.24    1000  1.00  2.18  2.39  2.16  2.24
200  4720.    71362.    38021.    33341. 2.23    1000  1.00  2.16  2.38  2.14  2.23
199  4686.    68611.    36693.    31917. 2.20    1000  1.00  2.17  2.35  2.15  2.20
198  4652.    65135.    34466.    30669. 2.20    1000  1.00  2.15  2.36  2.12  2.20
197  4619.    61635.    32447.    29188. 2.19    1000  1.00  2.13  2.35  2.11  2.19
196  4585.    58999.    30754.    28246. 2.19    1000  1.00  2.11  2.35  2.09  2.19
195  4551.    56347.    28959.    27388. 2.20    1000  1.00  2.08  2.36  2.06  2.20
194  4517.    53828.    27587.    26242. 2.18    1000  1.00  2.07  2.34  2.05  2.18
193  4483.    51786.    26367.    25419. 2.18    1000  1.00  2.06  2.33  2.04  2.18
192  4449.    50865.    25532.    25333. 2.18    1000  1.00  2.03  2.34  2.01  2.18
191  4416.    49509.    24754.    24755. 2.17    1000  1.00  2.02  2.33  2.00  2.17
190  4382.    48360.    24212.    24148. 2.14    1000  1.00  2.03  2.30  2.00  2.14
189  4348.    46230.    22811.    23420. 2.15    1000  1.00  2.00  2.31  1.97  2.15
188  4314.    45918.    22368.    23551. 2.15    1000  1.00  1.98  2.31  1.95  2.15
187  4280.    45819.    22152.    23668. 2.15    1000  1.00  1.96  2.31  1.94  2.15
186  4246.    45153.    21752.    23401. 2.13    1000  1.00  1.96  2.29  1.93  2.13
185  4213.    44620.    21449.    23171. 2.11    1000  1.00  1.95  2.27  1.93  2.11
184  4179.    43719.    20976.    22743. 2.09    1000  1.00  1.95  2.25  1.92  2.09
183  4145.    43541.    20486.    23055. 2.10    1000  1.00  1.92  2.27  1.89  2.10
182  4111.    43029.    20429.    22600. 2.06    1000  1.00  1.94  2.22  1.90  2.06
181  4077.    43713.    20649.    23064. 2.05    1000  1.00  1.93  2.21  1.90  2.05
180  4043.    44137.    20459.    23678. 2.06    1000  1.00  1.90  2.22  1.86  2.06
179  4010.    43585.    20156.    23429. 2.04    1000  1.00  1.89  2.20  1.86  2.04
178  3976.    43686.    20004.    23682. 2.03    1000  1.00  1.88  2.20  1.84  2.03
177  3942.    43688.    19851.    23837. 2.02    1000  1.00  1.87  2.19  1.83  2.02
176  3908.    42984.    19246.    23737. 2.02    1000  1.00  1.85  2.19  1.81  2.02
175  3874.    42803.    19226.    23577. 1.99    1000  1.00  1.85  2.16  1.82  1.99
174  3840.    41707.    18513.    23193. 1.99    1000  1.00  1.84  2.16  1.80  1.99
173  3806.    40569.    17934.    22635. 1.97    1000  1.00  1.83  2.14  1.79  1.97
172  3773.    39847.    17422.    22425. 1.96    1000  1.00  1.82  2.13  1.78  1.96
171  3739.    37608.    16225.    21383. 1.96    1000  1.00  1.80  2.13  1.76  1.96
170  3705.    36617.    15758.    20859. 1.94    1000  1.00  1.80  2.11  1.76  1.94
169  3671.    34344.    14838.    19506. 1.90    1000  1.00  1.80  2.07  1.76  1.90
168  3637.    32544.    13464.    19080. 1.91    1000  1.00  1.75  2.08  1.71  1.91
167  3603.    31433.    12979.    18454. 1.88    1000  1.00  1.75  2.05  1.70  1.88
166  3570.    28787.    11712.    17075. 1.88    1000  1.00  1.73  2.06  1.69  1.88
165  3536.    27559.    11307.    16252. 1.84    1000  1.00  1.74  2.01  1.70  1.84
164  3502.    25525.    10368.    15157. 1.83    1000  1.00  1.73  2.01  1.68  1.83
163  3468.    24309.     9856.    14453. 1.81    1000  1.00  1.73  1.98  1.68  1.81
162  3434.    22301.     8853.    13448. 1.82    1000  1.00  1.71  2.00  1.66  1.82
161  3400.    20648.     8209.    12439. 1.80    1000  1.00  1.71  1.97  1.66  1.80
160  3367.    19784.     7716.    12068. 1.80    1000  1.00  1.69  1.98  1.64  1.80
159  3333.    18173.     7158.    11015. 1.76    1000  1.00  1.71  1.93  1.65  1.76
158  3299.    17054.     6532.    10522. 1.78    1000  1.00  1.68  1.96  1.62  1.78
157  3265.    15638.     5926.     9711. 1.77    1000  1.00  1.67  1.95  1.61  1.77
156  3231.    14699.     5564.     9135. 1.74    1000  1.00  1.67  1.92  1.61  1.74
155  3197.    13416.     4996.     8421. 1.74    1000  1.00  1.65  1.92  1.59  1.74
154  3164.    12686.     4658.     8028. 1.74    1000  1.00  1.64  1.92  1.58  1.74
153  3130.    12017.     4356.     7661. 1.73    1000  1.00  1.63  1.91  1.57  1.73
152  3096.    11253.     4099.     7155. 1.69    1000  1.00  1.64  1.87  1.57  1.69
151  3062.    10486.     3883.     6603. 1.63    1000  1.00  1.66  1.81  1.59  1.63
150  3028.     9737.     3483.     6254. 1.65    1000  1.00  1.62  1.83  1.56  1.65
149  2994.     9261.     3368.     5894. 1.59    1000  1.00  1.64  1.77  1.57  1.59
148  2960.     8442.     2991.     5451. 1.60    1000  1.00  1.62  1.78  1.55  1.60
147  2927.     8051.     2820.     5231. 1.58    1000  1.00  1.61  1.76  1.54  1.58
146  2893.     7888.     2833.     5056. 1.51    1000  1.00  1.64  1.68  1.56  1.51
145  2859.     7734.     2639.     5095. 1.55    1000  1.00  1.60  1.74  1.52  1.55
144  2825.     7339.     2521.     4818. 1.51    1000  1.00  1.61  1.69  1.52  1.51
143  2791.     7604.     2570.     5034. 1.50    1000  1.00  1.60  1.68  1.51  1.50
142  2757.     7489.     2490.     4999. 1.48    1000  1.00  1.59  1.67  1.50  1.48
141  2724.     7708.     2539.     5168. 1.46    1000  1.00  1.58  1.64  1.49  1.46
140  2690.     7943.     2608.     5335. 1.43    1000  1.00  1.58  1.61  1.49  1.43
139  2656.     8038.     2587.     5451. 1.42    1000  1.00  1.57  1.60  1.47  1.42
138  2622.     8478.     2692.     5786. 1.40    1000  1.00  1.56  1.58  1.47  1.40
137  2588.     8958.     2756.     6202. 1.41    1000  1.00  1.54  1.59  1.44  1.41
136  2554.     9172.     2746.     6426. 1.41    1000  1.00  1.53  1.59  1.43  1.41
135  2521.     9094.     2686.     6408. 1.39    1000  1.00  1.52  1.57  1.42  1.39
134  2487.     9508.     2697.     6810. 1.40    1000  1.00  1.50  1.59  1.40  1.40
133  2453.     9869.     2729.     7140. 1.40    1000  1.00  1.48  1.59  1.38  1.40
132  2419.    10496.     2818.     7678. 1.39    1000  1.00  1.47  1.59  1.37  1.39
131  2385.    11585.     3064.     8521. 1.37    1000  1.00  1.46  1.57  1.36  1.37
130  2351.    11826.     2983.     8843. 1.39    1000  1.00  1.44  1.59  1.34  1.39
129  2318.    11807.     2911.     8896. 1.38    1000  1.00  1.43  1.58  1.33  1.38
128  2284.    12838.     3057.     9781. 1.38    1000  1.00  1.42  1.59  1.31  1.38
127  2250.    13632.     3098.    10534. 1.39    1000  1.00  1.40  1.61  1.29  1.39
126  2216.    13840.     3153.    10687. 1.34    1000  1.00  1.40  1.55  1.30  1.34
125  2182.    13982.     3081.    10901. 1.33    1000  1.00  1.39  1.55  1.28  1.33
124  2148.    14087.     3007.    11080. 1.33    1000  1.00  1.38  1.54  1.27  1.33
123  2114.    13450.     2814.    10636. 1.30    1000  1.00  1.38  1.51  1.26  1.30
122  2081.    12455.     2581.     9874. 1.26    1000  1.00  1.38  1.47  1.26  1.26
121  2047.    11318.     2296.     9022. 1.23    1000  1.00  1.38  1.45  1.25  1.23
120  2013.     9316.     1886.     7430. 1.18    1000  1.00  1.39  1.39  1.25  1.18
119  1979.     7880.     1565.     6315. 1.15    1000  1.00  1.39  1.36  1.25  1.15
118  1945.     6335.     1230.     5105. 1.13    1000  1.00  1.39  1.33  1.24  1.13
117  1911.     4937.      938.     3999. 1.10    1000  1.00  1.39  1.30  1.23  1.10
116  1878.     3537.      651.     2887. 1.08    1000  1.00  1.38  1.28  1.23  1.08
115  1844.     2395.      434.     1961. 1.04    1000  1.00  1.39  1.24  1.22  1.04
114  1810.     1685.      277.     1408. 1.09    1000  1.00  1.35  1.30  1.20  1.09
113  1776.     1295.      197.     1099. 1.11    1000  1.00  1.33  1.34  1.18  1.11
112  1742.     1083.      154.      930. 1.13    1000  1.00  1.31  1.36  1.17  1.13
111  1708.     1116.      157.      959. 1.07    1000  1.00  1.32  1.30  1.16  1.07
110  1675.     1285.      163.     1122. 1.11    1000  1.00  1.30  1.36  1.15  1.11
109  1641.     1138.      138.     1000. 1.09    1000  1.00  1.29  1.34  1.14  1.09
108  1607.     1234.      134.     1100. 1.14    1000  1.00  1.27  1.40  1.12  1.14
107  1573.     1346.      141.     1205. 1.10    1000  1.00  1.27  1.36  1.12  1.10
106  1539.     1315.      133.     1182. 1.06    1000  1.00  1.27  1.32  1.11  1.06
105  1505.     1490.      143.     1346. 1.03    1000  1.00  1.27  1.29  1.11  1.03
104  1472.     1506.      134.     1373. 1.03    1000  1.00  1.27  1.30  1.10  1.03
103  1438.     1573.      134.     1439. 0.98    1000  1.00  1.27  1.24  1.09  0.98
102  1404.     1637.      140.     1498. 0.96    1000  1.00  1.27  1.23  1.09  0.96
101  1370.     1741.      141.     1601. 0.93    1000  1.00  1.27  1.19  1.09  0.93
100  1336.     1675.      125.     1550. 0.92    1000  1.00  1.27  1.19  1.08  0.92
 99  1302.     1543.      158.     1385. 0.88    1000  1.00  1.28  1.15  1.11  0.88
 98  1268.     1588.      155.     1433. 0.87    1000  1.00  1.28  1.14  1.11  0.87
 97  1235.     1490.      140.     1350. 0.84    1000  1.00  1.28  1.11  1.10  0.84
 96  1201.     1412.      169.     1244. 0.83    1000  1.00  1.28  1.11  1.14  0.83
 95  1167.     1133.      131.     1002. 0.82    1000  1.00  1.27  1.10  1.13  0.82
 94  1133.     1095.      124.      970. 0.79    1000  1.00  1.28  1.07  1.13  0.79
 93  1099.      922.      136.      787. 0.77    1000  1.00  1.28  1.06  1.17  0.77
 92  1065.      736.      109.      627. 0.74    1000  1.00  1.29  1.03  1.17  0.74
 91  1032.      517.       73.      444. 0.75    1000  1.00  1.28  1.06  1.16  0.75
 90   998.      391.       81.      311. 0.76    1000  1.00  1.27  1.09  1.26  0.76
 89   964.      330.       66.      264. 0.77    1000  1.00  1.26  1.12  1.25  0.77
 88   930.      247.       49.      198. 0.77    1000  1.00  1.25  1.14  1.25  0.77
 87   896.      269.       56.      213. 0.72    1000  1.00  1.27  1.09  1.26  0.72
 86   862.      128.       29.       99. 0.68    1000  1.00  1.29  1.04  1.29  0.68
 85   829.      171.       37.      134. 0.69    1000  1.00  1.28  1.08  1.28  0.69
 84   795.      136.       30.      106. 0.66    1000  1.00  1.28  1.07  1.28  0.66
 83   761.       83.       20.       63. 0.60    1000  1.00  1.31  1.00  1.31  0.60
 82   727.       66.       17.       50. 0.57    1000  1.00  1.33  0.96  1.33  0.57
 81   693.       70.       20.       50. 0.48    1000  1.00  1.40  0.85  1.40  0.48
 80   659.       86.       25.       61. 0.46    1000  1.00  1.41  0.84  1.41  0.46
 79   626.       26.        8.       18. 0.42    1000  1.00  1.45  0.81  1.45  0.42
 78   592.       14.        4.        9. 0.39    1000  1.00  1.47  0.79  1.47  0.39
 77   558.        3.        1.        2. 0.37    1000  1.00  1.47  0.81  1.47  0.37
 76   524.        0.        0.        0. 0.32    1000  1.00  1.53  0.75  1.53  0.32
 75   490.        0.        0.        0. 0.00    1000  1.00  0.00  0.00  0.00  0.00
 74   456.        0.        0.        0. 0.00    1000  1.00  0.00  0.00  0.00  0.00
 73   422.        0.        0.        0. 0.00    1000  1.00  0.00  0.00  0.00  0.00
 72   389.        0.        0.        0. 0.00    1000  1.00  0.00  0.00  0.00  0.00
 71   355.        0.        0.        0. 0.00    1000  1.00  0.00  0.00  0.00  0.00
 70   321.        0.        0.        0. 0.00    1000  1.00  0.00  0.00  0.00  0.00
 69   287.        0.        0.        0. 0.00    1000  1.00  0.00  0.00  0.00  0.00
 68   253.        9.        0.        9. 0.55    1000  1.00  1.00  0.69  1.00  0.55
 67   219.       12.        0.       12. 0.56    1000  1.00  1.00  0.62  1.00  0.56
 66   186.       22.        0.       22. 0.60    1000  1.00  1.00  0.60  1.00  0.60
 65   152.        0.        0.        0. 0.00    1000  1.00  0.00  0.00  0.00  0.00
 64   118.        7.        0.        7. 0.42    1000  1.00  1.00  0.42  1.00  0.42
 63    84.        0.        0.        0. 0.00    1000  1.00  0.00  0.00  0.00  0.00
 62    50.        0.        0.        0. 0.00    1000  1.00  0.00  0.00  0.00  0.00
 61    16.        0.        0.        0. 0.00    1000  1.00  0.00  0.00  0.00  0.00

Iteration number:   2
Y-ch   Ex        Af        Ag       Afg  Mult    Sing Alpha MATot METot MASta MESta
312  8510.   204444.   189512.    14932. 3.56       0  1.00 13.71  3.69 13.69  3.56
311  8476.   234139.   217275.    16863. 3.53       0  1.00 13.90  3.66 13.88  3.53
310  8443.   264754.   243987.    20766. 3.50       0  1.00 12.76  3.62 12.75  3.50
309  8409.   304569.   277947.    26622. 3.40       0  1.00 11.45  3.53 11.44  3.40
308  8375.   350796.   318964.    31832. 3.23       0  1.00 11.03  3.35 11.02  3.23
307  8341.   415075.   369740.    45335. 3.05       0  1.00  9.16  3.16  9.16  3.05
306  8307.   507271.   444891.    62380. 2.88       0  1.00  8.13  2.99  8.13  2.88
305  8273.   618154.   536845.    81309. 2.75       0  1.00  7.60  2.85  7.60  2.75
304  8240.   736122.   642263.    93859. 2.64       0  1.00  7.84  2.74  7.84  2.64
303  8206.   876008.   770419.   105589. 2.56       0  1.00  8.30  2.65  8.30  2.56
302  8172.  1024429.   912732.   111696. 2.50       0  1.00  9.18  2.59  9.17  2.50
301  8138.  1153318.  1043476.   109843. 2.45       0  1.00 10.51  2.54 10.50  2.45
300  8104.  1288248.  1178786.   109461. 2.41       0  1.00 11.79  2.51 11.77  2.41
299  8070.  1404262.  1298003.   106259. 2.38       0  1.00 13.23  2.48 13.22  2.38
298  8036.  1499210.  1391919.   107292. 2.37       0  1.00 13.99  2.46 13.97  2.37
297  8003.  1573834.  1471366.   102471. 2.34       0  1.00 15.38  2.43 15.36  2.34
296  7969.  1620291.  1520534.    99756. 2.33       0  1.00 16.26  2.42 16.24  2.33
295  7935.  1645498.  1549808.    95691. 2.32       0  1.00 17.23  2.41 17.20  2.32
294  7901.  1639583.  1545971.    93612. 2.31       0  1.00 17.54  2.40 17.51  2.31
293  7867.  1596095.  1508050.    88044. 2.30       0  1.00 18.14  2.39 18.13  2.30
292  7833.  1513628.  1431915.    81712. 2.29       0  1.00 18.55  2.38 18.52  2.29
291  7800.  1399823.  1321425.    78397. 2.29       0  1.00 17.90  2.38 17.86  2.29
290  7766.  1259586.  1187751.    71835. 2.28       0  1.00 17.54  2.37 17.53  2.28
289  7732.  1098968.  1031817.    67151. 2.28       0  1.00 16.38  2.37 16.37  2.28
288  7698.   923301.   863213.    60087. 2.28       0  1.00 15.38  2.38 15.37  2.28
287  7664.   755546.   701745.    53801. 2.29       0  1.00 14.07  2.39 14.04  2.29
286  7630.   590168.   540598.    49571. 2.31       0  1.00 11.92  2.41 11.91  2.31
285  7597.   454781.   408878.    45903. 2.35       0  1.00  9.92  2.44  9.91  2.35
284  7563.   331968.   291901.    40067. 2.39       0  1.00  8.30  2.48  8.29  2.39
283  7529.   236307.   199951.    36356. 2.47       0  1.00  6.51  2.57  6.50  2.47
282  7495.   164540.   132542.    31999. 2.65       0  1.00  5.15  2.76  5.14  2.65
281  7461.   118603.    90353.    28250. 2.95       0  1.00  4.20  3.07  4.20  2.95
280  7427.    94837.    69753.    25084. 3.31       0  1.00  3.78  3.45  3.78  3.31
279  7394.    85810.    59732.    26078. 3.62       0  1.00  3.30  3.78  3.29  3.62
278  7360.    81928.    51642.    30286. 3.74       0  1.00  2.71  3.90  2.71  3.74
277  7326.    82773.    57102.    25671. 3.74       0  1.00  3.24  3.90  3.22  3.74
276  7292.    82615.    56410.    26204. 3.76       0  1.00  3.16  3.92  3.15  3.76
275  7258.    83544.    56924.    26620. 3.73       0  1.00  3.16  3.89  3.14  3.73
274  7224.    83533.    59374.    24159. 3.73       0  1.00  3.47  3.89  3.46  3.73
273  7190.    85131.    58240.    26890. 3.71       0  1.00  3.18  3.87  3.17  3.71
272  7157.    86224.    57126.    29098. 3.69       0  1.00  2.98  3.86  2.96  3.69
271  7123.    87049.    56408.    30641. 3.71       0  1.00  2.85  3.87  2.84  3.71
270  7089.    88331.    55004.    33327. 3.66       0  1.00  2.66  3.83  2.65  3.66
269  7055.    89947.    56889.    33058. 3.69       0  1.00  2.73  3.85  2.72  3.69
268  7021.    92397.    55719.    36678. 3.66       0  1.00  2.53  3.83  2.52  3.66
267  6987.    93528.    56494.    37034. 3.64       0  1.00  2.54  3.80  2.53  3.64
266  6954.    96924.    57696.    39228. 3.65       0  1.00  2.48  3.82  2.47  3.65
265  6920.    98470.    59047.    39423. 3.63       0  1.00  2.51  3.80  2.50  3.63
264  6886.   101445.    59734.    41711. 3.57       0  1.00  2.45  3.73  2.43  3.57
263  6852.   103201.    60510.    42691. 3.61       0  1.00  2.43  3.78  2.42  3.61
262  6818.   104749.    59356.    45393. 3.54       0  1.00  2.32  3.70  2.31  3.54
261  6784.   108104.    60230.    47873. 3.52       0  1.00  2.27  3.68  2.26  3.52
260  6751.   112319.    61239.    51080. 3.58       0  1.00  2.21  3.75  2.20  3.58
259  6717.   119749.    60632.    59117. 3.60       0  1.00  2.04  3.77  2.03  3.60
258  6683.   133707.    62070.    71637. 3.79       0  1.00  1.88  3.97  1.87  3.79
257  6649.   156345.    56452.    99893. 4.01       0  1.00  1.58  4.20  1.57  4.01
256  6615.   185252.    60706.   124545. 4.30       0  1.00  1.50  4.51  1.49  4.30
255  6581.   220204.    60858.   159346. 4.58       0  1.00  1.39  4.80  1.38  4.58
254  6548.   260113.    63106.   197007. 4.72       0  1.00  1.33  4.95  1.32  4.72
253  6514.   297676.    69853.   227823. 4.98    1000  1.00  1.31  5.22  1.31  4.98
252  6480.   334181.    67200.   266981. 5.10       0  1.00  1.26  5.35  1.25  5.10
251  6446.   360641.    73662.   286979. 5.20       0  1.00  1.26  5.45  1.26  5.20
250  6412.   377428.    77640.   299788. 5.23       0  1.00  1.26  5.48  1.26  5.23
249  6378.   383334.    72536.   310798. 5.19       0  1.00  1.24  5.45  1.23  5.19
248  6344.   376668.    78067.   298602. 5.21    1000  1.00  1.27  5.47  1.26  5.21
247  6311.   361319.    76088.   285231. 5.13       0  1.00  1.28  5.39  1.27  5.13
246  6277.   336528.    66954.   269574. 5.02    1000  1.00  1.26  5.27  1.25  5.02
245  6243.   306521.    73596.   232925. 4.92    1000  1.00  1.32  5.17  1.32  4.92
244  6209.   270993.    63764.   207228. 4.76    1000  1.00  1.32  5.00  1.31  4.76
243  6175.   231488.    59485.   172003. 4.56       0  1.00  1.36  4.79  1.35  4.56
242  6141.   195566.    59540.   136026. 4.33    1000  1.00  1.45  4.55  1.44  4.33
241  6108.   163025.    60996.   102029. 4.09    1000  1.00  1.61  4.31  1.60  4.09
240  6074.   137857.    57393.    80464. 3.81    1000  1.00  1.72  4.00  1.71  3.81
239  6040.   116781.    54538.    62244. 3.57    1000  1.00  1.88  3.76  1.88  3.57
238  6006.   101924.    52808.    49116. 3.35       0  1.00  2.08  3.53  2.08  3.35
237  5972.    93221.    50047.    43175. 3.16    1000  1.00  2.17  3.33  2.16  3.16
236  5938.    86869.    48504.    38365. 3.07    1000  1.00  2.28  3.23  2.26  3.07
235  5905.    83746.    48473.    35273. 2.96    1000  1.00  2.39  3.12  2.37  2.96
234  5871.    82655.    48109.    34546. 2.87    1000  1.00  2.40  3.03  2.39  2.87
233  5837.    79815.    45994.    33821. 2.81    1000  1.00  2.37  2.97  2.36  2.81
232  5803.    77331.    46962.    30369. 2.76    1000  1.00  2.57  2.91  2.55  2.76
231  5769.    77687.    45700.    31987. 2.64    1000  1.00  2.45  2.78  2.43  2.64
230  5735.    76998.    47162.    29836. 2.63    1000  1.00  2.60  2.78  2.58  2.63
229  5702.    78467.    47122.    31345. 2.61    1000  1.00  2.52  2.75  2.50  2.61
228  5668.    79341.    47295.    32046. 2.60    1000  1.00  2.48  2.75  2.48  2.60
227  5634.    80740.    47966.    32774. 2.57    1000  1.00  2.49  2.71  2.46  2.57
226  5600.    79978.    48340.    31638. 2.55    1000  1.00  2.54  2.70  2.53  2.55
225  5566.    82090.    48180.    33910. 2.49    1000  1.00  2.42  2.63  2.42  2.49
224  5532.    80033.    47961.    32072. 2.56    1000  1.00  2.50  2.70  2.50  2.56
223  5498.    82944.    49501.    33443. 2.49    1000  1.00  2.48  2.63  2.48  2.49
222  5465.    83432.    49896.    33536. 2.48    1000  1.00  2.51  2.62  2.49  2.48
221  5431.    82728.    49770.    32958. 2.51    1000  1.00  2.52  2.66  2.51  2.51
220  5397.    86273.    51826.    34447. 2.48    1000  1.00  2.51  2.62  2.50  2.48
219  5363.    88396.    53138.    35257. 2.50    1000  1.00  2.52  2.65  2.51  2.50
218  5329.    90188.    54370.    35818. 2.49    1000  1.00  2.53  2.64  2.52  2.49
217  5295.    92083.    54646.    37437. 2.51    1000  1.00  2.47  2.66  2.46  2.51
216  5262.    92360.    55547.    36812. 2.50    1000  1.00  2.53  2.65  2.51  2.50
215  5228.    95276.    57291.    37985. 2.49    1000  1.00  2.53  2.64  2.51  2.49
214  5194.    96537.    57661.    38876. 2.46    1000  1.00  2.51  2.62  2.48  2.46
213  5160.    97399.    58550.    38850. 2.50    1000  1.00  2.52  2.65  2.51  2.50
212  5126.    97365.    58814.    38550. 2.45    1000  1.00  2.55  2.60  2.53  2.45
211  5092.    98251.    58115.    40136. 2.41    1000  1.00  2.47  2.56  2.45  2.41
210  5059.    96783.    58318.    38464. 2.41    1000  1.00  2.54  2.56  2.52  2.41
209  5025.    95444.    56617.    38827. 2.38    1000  1.00  2.48  2.53  2.46  2.38
208  4991.    93345.    55678.    37667. 2.38    1000  1.00  2.50  2.53  2.48  2.38
207  4957.    91903.    54161.    37742. 2.33    1000  1.00  2.45  2.48  2.44  2.33
206  4923.    89067.    51890.    37176. 2.30    1000  1.00  2.42  2.45  2.40  2.30
205  4889.    86030.    50081.    35950. 2.28    1000  1.00  2.42  2.43  2.39  2.28
204  4856.    83893.    48791.    35102. 2.26    1000  1.00  2.41  2.41  2.39  2.26
203  4822.    80619.    46262.    34357. 2.23    1000  1.00  2.38  2.38  2.35  2.23
202  4788.    78236.    44785.    33451. 2.21    1000  1.00  2.37  2.36  2.34  2.21
201  4754.    75995.    43704.    32291. 2.24    1000  1.00  2.38  2.39  2.35  2.24
200  4720.    71362.    41195.    30167. 2.23    1000  1.00  2.40  2.38  2.37  2.23
199  4686.    68611.    39298.    29313. 2.20    1000  1.00  2.38  2.35  2.34  2.20
198  4652.    65135.    37025.    28110. 2.20    1000  1.00  2.35  2.36  2.32  2.20
197  4619.    61635.    34994.    26641. 2.19    1000  1.00  2.34  2.35  2.31  2.19
196  4585.    58999.    33726.    25273. 2.19    1000  1.00  2.36  2.35  2.33  2.19
195  4551.    56347.    32054.    24293. 2.20    1000  1.00  2.34  2.36  2.32  2.20
194  4517.    53828.    30597.    23231. 2.18    1000  1.00  2.34  2.34  2.32  2.18
193  4483.    51786.    29286.    22500. 2.18    1000  1.00  2.32  2.33  2.30  2.18
192  4449.    50865.    28746.    22119. 2.18    1000  1.00  2.32  2.34  2.30  2.18
191  4416.    49509.    27805.    21704. 2.17    1000  1.00  2.30  2.33  2.28  2.17
190  4382.    48360.    27159.    21201. 2.14    1000  1.00  2.30  2.30  2.28  2.14
189  4348.    46230.    26094.    20137. 2.15    1000  1.00  2.32  2.31  2.30  2.15
188  4314.    45918.    25858.    20061. 2.15    1000  1.00  2.31  2.31  2.29  2.15
187  4280.    45819.    25573.    20246. 2.15    1000  1.00  2.29  2.31  2.26  2.15
186  4246.    45153.    24843.    20310. 2.13    1000  1.00  2.24  2.29  2.22  2.13
185  4213.    44620.    24562.    20058. 2.11    1000  1.00  2.25  2.27  2.22  2.11
184  4179.    43719.    23852.    19868. 2.09    1000  1.00  2.23  2.25  2.20  2.09
183  4145.    43541.    23830.    19711. 2.10    1000  1.00  2.23  2.27  2.21  2.10
182  4111.    43029.    23628.    19402. 2.06    1000  1.00  2.24  2.22  2.22  2.06
181  4077.    43713.    23635.    20079. 2.05    1000  1.00  2.20  2.21  2.18  2.05
180  4043.    44137.    23936.    20201. 2.06    1000  1.00  2.21  2.22  2.18  2.06
179  4010.    43585.    23431.    20154. 2.04    1000  1.00  2.19  2.20  2.16  2.04
178  3976.    43686.    23506.    20181. 2.03    1000  1.00  2.19  2.20  2.16  2.03
177  3942.    43688.    23317.    20372. 2.02    1000  1.00  2.17  2.19  2.14  2.02
176  3908.    42984.    22781.    20202. 2.02    1000  1.00  2.15  2.19  2.13  2.02
175  3874.    42803.    22784.    20019. 1.99    1000  1.00  2.16  2.16  2.14  1.99
174  3840.    41707.    22125.    19582. 1.99    1000  1.00  2.15  2.16  2.13  1.99
173  3806.    40569.    21275.    19294. 1.97    1000  1.00  2.13  2.14  2.10  1.97
172  3773.    39847.    20782.    19065. 1.96    1000  1.00  2.12  2.13  2.09  1.96
171  3739.    37608.    19600.    18008. 1.96    1000  1.00  2.12  2.13  2.09  1.96
170  3705.    36617.    18824.    17794. 1.94    1000  1.00  2.09  2.11  2.06  1.94
169  3671.    34344.    17702.    16642. 1.90    1000  1.00  2.10  2.07  2.06  1.90
168  3637.    32544.    16589.    15955. 1.91    1000  1.00  2.08  2.08  2.04  1.91
167  3603.    31433.    16098.    15336. 1.88    1000  1.00  2.10  2.05  2.05  1.88
166  3570.    28787.    14739.    14049. 1.88    1000  1.00  2.08  2.06  2.05  1.88
165  3536.    27559.    13731.    13828. 1.84    1000  1.00  2.03  2.01  1.99  1.84
164  3502.    25525.    12737.    12787. 1.83    1000  1.00  2.04  2.01  2.00  1.83
163  3468.    24309.    11943.    12366. 1.81    1000  1.00  2.02  1.98  1.97  1.81
162  3434.    22301.    10876.    11425. 1.82    1000  1.00  2.00  2.00  1.95  1.82
161  3400.    20648.    10071.    10578. 1.80    1000  1.00  2.01  1.97  1.95  1.80
160  3367.    19784.     9474.    10310. 1.80    1000  1.00  1.97  1.98  1.92  1.80
159  3333.    18173.     8491.     9682. 1.76    1000  1.00  1.93  1.93  1.88  1.76
158  3299.    17054.     7969.     9085. 1.78    1000  1.00  1.94  1.96  1.88  1.78
157  3265.    15638.     7000.     8638. 1.77    1000  1.00  1.87  1.95  1.81  1.77
156  3231.    14699.     6713.     7986. 1.74    1000  1.00  1.90  1.92  1.84  1.74
155  3197.    13416.     6101.     7316. 1.74    1000  1.00  1.89  1.92  1.83  1.74
154  3164.    12686.     5726.     6960. 1.74    1000  1.00  1.88  1.92  1.82  1.74
153  3130.    12017.     5322.     6695. 1.73    1000  1.00  1.87  1.91  1.79  1.73
152  3096.    11253.     4938.     6316. 1.69    1000  1.00  1.85  1.87  1.78  1.69
151  3062.    10486.     4593.     5893. 1.63    1000  1.00  1.87  1.81  1.78  1.63
150  3028.     9737.     4331.     5406. 1.65    1000  1.00  1.87  1.83  1.80  1.65
149  2994.     9261.     3866.     5395. 1.59    1000  1.00  1.82  1.77  1.72  1.59
148  2960.     8442.     3458.     4984. 1.60    1000  1.00  1.77  1.78  1.69  1.60
147  2927.     8051.     3235.     4816. 1.58    1000  1.00  1.78  1.76  1.67  1.58
146  2893.     7888.     2913.     4975. 1.51    1000  1.00  1.67  1.68  1.59  1.51
145  2859.     7734.     2983.     4750. 1.55    1000  1.00  1.70  1.74  1.63  1.55
144  2825.     7339.     2519.     4820. 1.51    1000  1.00  1.61  1.69  1.52  1.51
143  2791.     7604.     2584.     5021. 1.50    1000  1.00  1.61  1.68  1.51  1.50
142  2757.     7489.     2512.     4977. 1.48    1000  1.00  1.60  1.67  1.50  1.48
141  2724.     7708.     2465.     5243. 1.46    1000  1.00  1.58  1.64  1.47  1.46
140  2690.     7943.     2445.     5498. 1.43    1000  1.00  1.58  1.61  1.44  1.43
139  2656.     8038.     2597.     5441. 1.42    1000  1.00  1.59  1.60  1.48  1.42
138  2622.     8478.     2603.     5875. 1.40    1000  1.00  1.61  1.58  1.44  1.40
137  2588.     8958.     2770.     6188. 1.41    1000  1.00  1.60  1.59  1.45  1.41
136  2554.     9172.     2917.     6255. 1.41    1000  1.00  1.61  1.59  1.47  1.41
135  2521.     9094.     2941.     6153. 1.39    1000  1.00  1.62  1.57  1.48  1.39
134  2487.     9508.     3181.     6327. 1.40    1000  1.00  1.64  1.59  1.50  1.40
133  2453.     9869.     3074.     6794. 1.40    1000  1.00  1.59  1.59  1.45  1.40
132  2419.    10496.     3394.     7102. 1.39    1000  1.00  1.64  1.59  1.48  1.39
131  2385.    11585.     3713.     7872. 1.37    1000  1.00  1.62  1.57  1.47  1.37
130  2351.    11826.     3836.     7991. 1.39    1000  1.00  1.64  1.59  1.48  1.39
129  2318.    11807.     3738.     8070. 1.38    1000  1.00  1.61  1.58  1.46  1.38
128  2284.    12838.     4084.     8754. 1.38    1000  1.00  1.60  1.59  1.47  1.38
127  2250.    13632.     4490.     9143. 1.39    1000  1.00  1.63  1.61  1.49  1.39
126  2216.    13840.     4241.     9599. 1.34    1000  1.00  1.59  1.55  1.44  1.34
125  2182.    13982.     4316.     9665. 1.33    1000  1.00  1.59  1.55  1.45  1.33
124  2148.    14087.     4171.     9916. 1.33    1000  1.00  1.58  1.54  1.42  1.33
123  2114.    13450.     3814.     9636. 1.30    1000  1.00  1.59  1.51  1.40  1.30
122  2081.    12455.     3414.     9041. 1.26    1000  1.00  1.62  1.47  1.38  1.26
121  2047.    11318.     2954.     8364. 1.23    1000  1.00  1.58  1.45  1.35  1.23
120  2013.     9316.     2183.     7133. 1.18    1000  1.00  1.53  1.39  1.31  1.18
119  1979.     7880.     1808.     6072. 1.15    1000  1.00  1.48  1.36  1.30  1.15
118  1945.     6335.     1389.     4946. 1.13    1000  1.00  1.42  1.33  1.28  1.13
117  1911.     4937.     1052.     3885. 1.10    1000  1.00  1.40  1.30  1.27  1.10
116  1878.     3537.      708.     2830. 1.08    1000  1.00  1.36  1.28  1.25  1.08
115  1844.     2395.      448.     1947. 1.04    1000  1.00  1.40  1.24  1.23  1.04
114  1810.     1685.      381.     1304. 1.09    1000  1.00  1.51  1.30  1.29  1.09
113  1776.     1295.      340.      955. 1.11    1000  1.00  1.54  1.34  1.36  1.11
112  1742.     1083.      293.      790. 1.13    1000  1.00  1.55  1.36  1.37  1.13
111  1708.     1116.      220.      896. 1.07    1000  1.00  1.48  1.30  1.25  1.07
110  1675.     1285.      243.     1042. 1.11    1000  1.00  1.38  1.36  1.23  1.11
109  1641.     1138.      176.      962. 1.09    1000  1.00  1.29  1.34  1.18  1.09
108  1607.     1234.      183.     1051. 1.14    1000  1.00  1.23  1.40  1.17  1.14
107  1573.     1346.      139.     1207. 1.10    1000  1.00  1.20  1.36  1.12  1.10
106  1539.     1315.       86.     1229. 1.06    1000  1.00  1.16  1.32  1.07  1.06
105  1505.     1490.       36.     1453. 1.03    1000  1.00  1.18  1.29  1.03  1.03
104  1472.     1506.       27.     1480. 1.03    1000  1.00  1.21  1.30  1.02  1.03
103  1438.     1573.        3.     1571. 0.98    1000  1.00  1.24  1.24  1.00  0.98
102  1404.     1637.       22.     1615. 0.96    1000  1.00  1.30  1.23  1.01  0.96
101  1370.     1741.       17.     1724. 0.93    1000  1.00  1.26  1.19  1.01  0.93
100  1336.     1675.       24.     1652. 0.92    1000  1.00  1.32  1.19  1.01  0.92
 99  1302.     1543.       92.     1452. 0.88    1000  1.00  1.25  1.15  1.06  0.88
 98  1268.     1588.      102.     1486. 0.87    1000  1.00  1.26  1.14  1.07  0.87
 97  1235.     1490.      116.     1374. 0.84    1000  1.00  1.38  1.11  1.08  0.84
 96  1201.     1412.      264.     1148. 0.83    1000  1.00  1.58  1.11  1.23  0.83
 95  1167.     1133.      173.      960. 0.82    1000  1.00  1.48  1.10  1.18  0.82
 94  1133.     1095.      149.      946. 0.79    1000  1.00  1.56  1.07  1.16  0.79
 93  1099.      922.      175.      748. 0.77    1000  1.00  1.51  1.06  1.23  0.77
 92  1065.      736.      131.      606. 0.74    1000  1.00  1.45  1.03  1.22  0.74
 91  1032.      517.       78.      439. 0.75    1000  1.00  1.30  1.06  1.18  0.75
 90   998.      391.       96.      295. 0.76    1000  1.00  1.34  1.09  1.33  0.76
 89   964.      330.       57.      273. 0.77    1000  1.00  1.22  1.12  1.21  0.77
 88   930.      247.       50.      197. 0.77    1000  1.00  1.25  1.14  1.25  0.77
 87   896.      269.       61.      207. 0.72    1000  1.00  1.31  1.09  1.30  0.72
 86   862.      128.       43.       85. 0.68    1000  1.00  1.51  1.04  1.51  0.68
 85   829.      171.       63.      108. 0.69    1000  1.00  1.59  1.08  1.59  0.69
 84   795.      136.       34.      102. 0.66    1000  1.00  1.33  1.07  1.33  0.66
 83   761.       83.       29.       54. 0.60    1000  1.00  1.54  1.00  1.54  0.60
 82   727.       66.       21.       45. 0.57    1000  1.00  1.48  0.96  1.48  0.57
 81   693.       70.       53.       17. 0.48    1000  1.00  4.18  0.85  4.18  0.48
 80   659.       86.       61.       25. 0.46    1000  1.00  3.42  0.84  3.42  0.46
 79   626.       26.       24.        2. 0.42    1000  1.00 13.82  0.81 13.82  0.42
 78   592.       14.        0.       14. 0.39    1000  1.00  1.00  0.79  1.00  0.39
 77   558.        3.        0.        3. 0.37    1000  1.00  1.00  0.81  1.00  0.37
 76   524.        0.        0.        0. 0.32    1000  1.00  1.00  0.75  1.00  0.32
 75   490.        0.        0.        0. 0.00    1000  1.00  0.00  0.00  0.00  0.00
 74   456.        0.        0.        0. 0.00    1000  1.00  0.00  0.00  0.00  0.00
 73   422.        0.        0.        0. 0.00    1000  1.00  0.00  0.00  0.00  0.00
 72   389.        0.        0.        0. 0.00    1000  1.00  0.00  0.00  0.00  0.00
 71   355.        0.        0.        0. 0.00    1000  1.00  0.00  0.00  0.00  0.00
 70   321.        0.        0.        0. 0.00    1000  1.00  0.00  0.00  0.00  0.00
 69   287.        0.        0.        0. 0.00    1000  1.00  0.00  0.00  0.00  0.00
 68   253.        9.        0.        9. 0.55    1000  1.00  1.00  0.69  1.00  0.55
 67   219.       12.        0.       12. 0.56    1000  1.00  1.00  0.62  1.00  0.56
 66   186.       22.        0.       22. 0.60    1000  1.00  1.00  0.60  1.00  0.60
 65   152.        0.        0.        0. 0.00    1000  1.00  0.00  0.00  0.00  0.00
 64   118.        7.        0.        7. 0.42    1000  1.00  1.00  0.42  1.00  0.42
 63    84.        0.        0.        0. 0.00    1000  1.00  0.00  0.00  0.00  0.00
 62    50.        0.        0.        0. 0.00    1000  1.00  0.00  0.00  0.00  0.00
 61    16.        0.        0.        0. 0.00    1000  1.00  0.00  0.00  0.00  0.00

Iteration number:   3
Y-ch   Ex        Af        Ag       Afg  Mult    Sing Alpha MATot METot MASta MESta
312  8510.   204444.   201282.     3162. 3.56       0  1.00 65.19  3.69 64.66  3.56
311  8476.   234139.   230786.     3353. 3.53       0  1.00 70.43  3.66 69.83  3.53
310  8443.   264754.   257240.     7514. 3.50       0  1.00 35.30  3.62 35.24  3.50
309  8409.   304569.   285362.    19208. 3.40       0  1.00 15.87  3.53 15.86  3.40
308  8375.   350796.   318653.    32143. 3.23       0  1.00 10.92  3.35 10.91  3.23
307  8341.   415075.   366218.    48858. 3.05       0  1.00  8.50  3.16  8.50  3.05
306  8307.   507271.   439467.    67803. 2.88       0  1.00  7.48  2.99  7.48  2.88
305  8273.   618154.   531008.    87146. 2.75       0  1.00  7.09  2.85  7.09  2.75
304  8240.   736122.   638880.    97242. 2.64       0  1.00  7.57  2.74  7.57  2.64
303  8206.   876008.   768270.   107738. 2.56       0  1.00  8.14  2.65  8.13  2.56
302  8172.  1024429.   909796.   114633. 2.50       0  1.00  8.94  2.59  8.94  2.50
301  8138.  1153318.  1040371.   112948. 2.45       0  1.00 10.22  2.54 10.21  2.45
300  8104.  1288248.  1175390.   112858. 2.41       0  1.00 11.43  2.51 11.41  2.41
299  8070.  1404262.  1294356.   109906. 2.38       0  1.00 12.79  2.48 12.78  2.38
298  8036.  1499210.  1388231.   110979. 2.37       0  1.00 13.52  2.46 13.51  2.37
297  8003.  1573834.  1466826.   107010. 2.34       0  1.00 14.72  2.43 14.71  2.34
296  7969.  1620291.  1515535.   104756. 2.33       0  1.00 15.48  2.42 15.47  2.33
295  7935.  1645498.  1545071.   100427. 2.32       0  1.00 16.41  2.41 16.39  2.32
294  7901.  1639583.  1542216.    97367. 2.31       0  1.00 16.86  2.40 16.84  2.31
293  7867.  1596095.  1504033.    92062. 2.30       0  1.00 17.35  2.39 17.34  2.30
292  7833.  1513628.  1427966.    85661. 2.29       0  1.00 17.69  2.38 17.67  2.29
291  7800.  1399823.  1317865.    81958. 2.29       0  1.00 17.12  2.38 17.08  2.29
290  7766.  1259586.  1183922.    75664. 2.28       0  1.00 16.66  2.37 16.65  2.28
289  7732.  1098968.  1028578.    70390. 2.28       0  1.00 15.62  2.37 15.61  2.28
288  7698.   923301.   860206.    63094. 2.28       0  1.00 14.65  2.38 14.63  2.28
287  7664.   755546.   698903.    56643. 2.29       0  1.00 13.36  2.39 13.34  2.29
286  7630.   590168.   538392.    51777. 2.31       0  1.00 11.41  2.41 11.40  2.31
285  7597.   454781.   407348.    47433. 2.35       0  1.00  9.60  2.44  9.59  2.35
284  7563.   331968.   290881.    41086. 2.39       0  1.00  8.09  2.48  8.08  2.39
283  7529.   236307.   199229.    37079. 2.47       0  1.00  6.39  2.57  6.37  2.47
282  7495.   164540.   131709.    32832. 2.65       0  1.00  5.02  2.76  5.01  2.65
281  7461.   118603.    89170.    29433. 2.95       0  1.00  4.03  3.07  4.03  2.95
280  7427.    94837.    67052.    27785. 3.31       0  1.00  3.41  3.45  3.41  3.31
279  7394.    85810.    58357.    27453. 3.62       0  1.00  3.13  3.78  3.13  3.62
278  7360.    81928.    56324.    25603. 3.74       0  1.00  3.21  3.90  3.20  3.74
277  7326.    82773.    55300.    27473. 3.74       0  1.00  3.02  3.90  3.01  3.74
276  7292.    82615.    55364.    27250. 3.76       0  1.00  3.04  3.92  3.03  3.76
275  7258.    83544.    55212.    28332. 3.73       0  1.00  2.96  3.89  2.95  3.73
274  7224.    83533.    56238.    27295. 3.73       0  1.00  3.07  3.89  3.06  3.73
273  7190.    85131.    56568.    28563. 3.71       0  1.00  2.99  3.87  2.98  3.71
272  7157.    86224.    55870.    30354. 3.69       0  1.00  2.86  3.86  2.84  3.69
271  7123.    87049.    55822.    31227. 3.71       0  1.00  2.80  3.87  2.79  3.71
270  7089.    88331.    54968.    33363. 3.66       0  1.00  2.65  3.83  2.65  3.66
269  7055.    89947.    56764.    33183. 3.69       0  1.00  2.72  3.85  2.71  3.69
268  7021.    92397.    56322.    36075. 3.66       0  1.00  2.57  3.83  2.56  3.66
267  6987.    93528.    57239.    36289. 3.64       0  1.00  2.59  3.80  2.58  3.64
266  6954.    96924.    58603.    38321. 3.65       0  1.00  2.54  3.82  2.53  3.65
265  6920.    98470.    60175.    38294. 3.63       0  1.00  2.58  3.80  2.57  3.63
264  6886.   101445.    61656.    39789. 3.57       0  1.00  2.57  3.73  2.55  3.57
263  6852.   103201.    62570.    40631. 3.61       0  1.00  2.56  3.78  2.54  3.61
262  6818.   104749.    61785.    42964. 3.54       0  1.00  2.45  3.70  2.44  3.54
261  6784.   108104.    62726.    45377. 3.52       0  1.00  2.40  3.68  2.38  3.52
260  6751.   112319.    63208.    49110. 3.58       0  1.00  2.30  3.75  2.29  3.58
259  6717.   119749.    64028.    55721. 3.60       0  1.00  2.16  3.77  2.15  3.60
258  6683.   133707.    66633.    67074. 3.79       0  1.00  2.00  3.97  1.99  3.79
257  6649.   156345.    72807.    83538. 4.01       0  1.00  1.88  4.20  1.87  4.01
256  6615.   185252.    79276.   105976. 4.30       0  1.00  1.76  4.51  1.75  4.30
255  6581.   220204.    89235.   130968. 4.58       0  1.00  1.69  4.80  1.68  4.58
254  6548.   260113.    96529.   163584. 4.72       0  1.00  1.60  4.95  1.59  4.72
253  6514.   297676.   105017.   192658. 4.98    1000  1.00  1.55  5.22  1.55  4.98
252  6480.   334181.   112943.   221238. 5.10       0  1.00  1.51  5.35  1.51  5.10
251  6446.   360641.   121911.   238731. 5.20       0  1.00  1.51  5.45  1.51  5.20
250  6412.   377428.   119795.   257632. 5.23       0  1.00  1.47  5.48  1.46  5.23
249  6378.   383334.   125371.   257963. 5.19       0  1.00  1.49  5.45  1.49  5.19
248  6344.   376668.   120095.   256574. 5.21    1000  1.00  1.47  5.47  1.47  5.21
247  6311.   361319.   116386.   244933. 5.13       0  1.00  1.48  5.39  1.48  5.13
246  6277.   336528.   114760.   221767. 5.02    1000  1.00  1.52  5.27  1.52  5.02
245  6243.   306521.   103616.   202905. 4.92    1000  1.00  1.51  5.17  1.51  4.92
244  6209.   270993.    95352.   175641. 4.76    1000  1.00  1.55  5.00  1.54  4.76
243  6175.   231488.    86314.   145173. 4.56       0  1.00  1.60  4.79  1.59  4.56
242  6141.   195566.    74578.   120988. 4.33    1000  1.00  1.62  4.55  1.62  4.33
241  6108.   163025.    66658.    96367. 4.09    1000  1.00  1.70  4.31  1.69  4.09
240  6074.   137857.    59928.    77929. 3.81    1000  1.00  1.77  4.00  1.77  3.81
239  6040.   116781.    54848.    61933. 3.57    1000  1.00  1.89  3.76  1.89  3.57
238  6006.   101924.    52655.    49269. 3.35       0  1.00  2.08  3.53  2.07  3.35
237  5972.    93221.    49634.    43588. 3.16    1000  1.00  2.15  3.33  2.14  3.16
236  5938.    86869.    48042.    38827. 3.07    1000  1.00  2.25  3.23  2.24  3.07
235  5905.    83746.    48110.    35635. 2.96    1000  1.00  2.36  3.12  2.35  2.96
234  5871.    82655.    47746.    34909. 2.87    1000  1.00  2.38  3.03  2.37  2.87
233  5837.    79815.    45789.    34026. 2.81    1000  1.00  2.36  2.97  2.35  2.81
232  5803.    77331.    46733.    30598. 2.76    1000  1.00  2.55  2.91  2.53  2.76
231  5769.    77687.    46062.    31625. 2.64    1000  1.00  2.48  2.78  2.46  2.64
230  5735.    76998.    45754.    31245. 2.63    1000  1.00  2.49  2.78  2.46  2.63
229  5702.    78467.    46176.    32291. 2.61    1000  1.00  2.45  2.75  2.43  2.61
228  5668.    79341.    47177.    32163. 2.60    1000  1.00  2.47  2.75  2.47  2.60
227  5634.    80740.    48163.    32577. 2.57    1000  1.00  2.51  2.71  2.48  2.57
226  5600.    79978.    48172.    31806. 2.55    1000  1.00  2.52  2.70  2.51  2.55
225  5566.    82090.    48416.    33674. 2.49    1000  1.00  2.44  2.63  2.44  2.49
224  5532.    80033.    47403.    32630. 2.56    1000  1.00  2.46  2.70  2.45  2.56
223  5498.    82944.    49410.    33534. 2.49    1000  1.00  2.47  2.63  2.47  2.49
222  5465.    83432.    49648.    33784. 2.48    1000  1.00  2.50  2.62  2.47  2.48
221  5431.    82728.    49357.    33371. 2.51    1000  1.00  2.49  2.66  2.48  2.51
220  5397.    86273.    51404.    34869. 2.48    1000  1.00  2.48  2.62  2.47  2.48
219  5363.    88396.    52735.    35661. 2.50    1000  1.00  2.49  2.65  2.48  2.50
218  5329.    90188.    53763.    36424. 2.49    1000  1.00  2.49  2.64  2.48  2.49
217  5295.    92083.    53297.    38786. 2.51    1000  1.00  2.39  2.66  2.37  2.51
216  5262.    92360.    54821.    37539. 2.50    1000  1.00  2.48  2.65  2.46  2.50
215  5228.    95276.    56738.    38538. 2.49    1000  1.00  2.50  2.64  2.47  2.49
214  5194.    96537.    57112.    39425. 2.46    1000  1.00  2.48  2.62  2.45  2.46
213  5160.    97399.    57741.    39658. 2.50    1000  1.00  2.47  2.65  2.46  2.50
212  5126.    97365.    58054.    39311. 2.45    1000  1.00  2.50  2.60  2.48  2.45
211  5092.    98251.    57404.    40847. 2.41    1000  1.00  2.43  2.56  2.41  2.41
210  5059.    96783.    56947.    39836. 2.41    1000  1.00  2.45  2.56  2.43  2.41
209  5025.    95444.    55983.    39461. 2.38    1000  1.00  2.44  2.53  2.42  2.38
208  4991.    93345.    54928.    38417. 2.38    1000  1.00  2.45  2.53  2.43  2.38
207  4957.    91903.    53584.    38319. 2.33    1000  1.00  2.41  2.48  2.40  2.33
206  4923.    89067.    51383.    37684. 2.30    1000  1.00  2.39  2.45  2.36  2.30
205  4889.    86030.    49474.    36556. 2.28    1000  1.00  2.38  2.43  2.35  2.28
204  4856.    83893.    48284.    35609. 2.26    1000  1.00  2.38  2.41  2.36  2.26
203  4822.    80619.    45771.    34848. 2.23    1000  1.00  2.35  2.38  2.31  2.23
202  4788.    78236.    44200.    34036. 2.21    1000  1.00  2.34  2.36  2.30  2.21
201  4754.    75995.    43070.    32925. 2.24    1000  1.00  2.34  2.39  2.31  2.24
200  4720.    71362.    40617.    30745. 2.23    1000  1.00  2.36  2.38  2.32  2.23
199  4686.    68611.    38607.    30003. 2.20    1000  1.00  2.33  2.35  2.29  2.20
198  4652.    65135.    36376.    28759. 2.20    1000  1.00  2.30  2.36  2.26  2.20
197  4619.    61635.    34359.    27276. 2.19    1000  1.00  2.29  2.35  2.26  2.19
196  4585.    58999.    33048.    25951. 2.19    1000  1.00  2.30  2.35  2.27  2.19
195  4551.    56347.    31429.    24918. 2.20    1000  1.00  2.29  2.36  2.26  2.20
194  4517.    53828.    29958.    23870. 2.18    1000  1.00  2.28  2.34  2.26  2.18
193  4483.    51786.    28586.    23200. 2.18    1000  1.00  2.25  2.33  2.23  2.18
192  4449.    50865.    28020.    22845. 2.18    1000  1.00  2.24  2.34  2.23  2.18
191  4416.    49509.    27306.    22203. 2.17    1000  1.00  2.25  2.33  2.23  2.17
190  4382.    48360.    26508.    21852. 2.14    1000  1.00  2.24  2.30  2.21  2.14
189  4348.    46230.    25303.    20927. 2.15    1000  1.00  2.23  2.31  2.21  2.15
188  4314.    45918.    25102.    20816. 2.15    1000  1.00  2.23  2.31  2.21  2.15
187  4280.    45819.    24908.    20911. 2.15    1000  1.00  2.22  2.31  2.19  2.15
186  4246.    45153.    24072.    21081. 2.13    1000  1.00  2.16  2.29  2.14  2.13
185  4213.    44620.    23926.    20695. 2.11    1000  1.00  2.18  2.27  2.16  2.11
184  4179.    43719.    23183.    20536. 2.09    1000  1.00  2.16  2.25  2.13  2.09
183  4145.    43541.    23121.    20420. 2.10    1000  1.00  2.15  2.27  2.13  2.10
182  4111.    43029.    22777.    20252. 2.06    1000  1.00  2.15  2.22  2.12  2.06
181  4077.    43713.    22910.    20803. 2.05    1000  1.00  2.13  2.21  2.10  2.05
180  4043.    44137.    23137.    21001. 2.06    1000  1.00  2.13  2.22  2.10  2.06
179  4010.    43585.    22705.    20880. 2.04    1000  1.00  2.11  2.20  2.09  2.04
178  3976.    43686.    22698.    20989. 2.03    1000  1.00  2.11  2.20  2.08  2.03
177  3942.    43688.    22709.    20979. 2.02    1000  1.00  2.11  2.19  2.08  2.02
176  3908.    42984.    22246.    20737. 2.02    1000  1.00  2.10  2.19  2.07  2.02
175  3874.    42803.    22048.    20754. 1.99    1000  1.00  2.09  2.16  2.06  1.99
174  3840.    41707.    21233.    20474. 1.99    1000  1.00  2.06  2.16  2.04  1.99
173  3806.    40569.    20459.    20110. 1.97    1000  1.00  2.05  2.14  2.02  1.97
172  3773.    39847.    19930.    19917. 1.96    1000  1.00  2.03  2.13  2.00  1.96
171  3739.    37608.    18852.    18756. 1.96    1000  1.00  2.04  2.13  2.01  1.96
170  3705.    36617.    18238.    18379. 1.94    1000  1.00  2.03  2.11  1.99  1.94
169  3671.    34344.    16930.    17414. 1.90    1000  1.00  2.01  2.07  1.97  1.90
168  3637.    32544.    15933.    16611. 1.91    1000  1.00  2.00  2.08  1.96  1.91
167  3603.    31433.    15239.    16194. 1.88    1000  1.00  1.99  2.05  1.94  1.88
166  3570.    28787.    13906.    14881. 1.88    1000  1.00  1.97  2.06  1.93  1.88
165  3536.    27559.    12922.    14637. 1.84    1000  1.00  1.92  2.01  1.88  1.84
164  3502.    25525.    12129.    13396. 1.83    1000  1.00  1.95  2.01  1.91  1.83
163  3468.    24309.    11203.    13106. 1.81    1000  1.00  1.91  1.98  1.85  1.81
162  3434.    22301.    10249.    12053. 1.82    1000  1.00  1.90  2.00  1.85  1.82
161  3400.    20648.     9487.    11161. 1.80    1000  1.00  1.91  1.97  1.85  1.80
160  3367.    19784.     9072.    10712. 1.80    1000  1.00  1.90  1.98  1.85  1.80
159  3333.    18173.     8135.    10038. 1.76    1000  1.00  1.87  1.93  1.81  1.76
158  3299.    17054.     7506.     9548. 1.78    1000  1.00  1.85  1.96  1.79  1.78
157  3265.    15638.     6740.     8898. 1.77    1000  1.00  1.82  1.95  1.76  1.77
156  3231.    14699.     6420.     8279. 1.74    1000  1.00  1.84  1.92  1.78  1.74
155  3197.    13416.     5774.     7642. 1.74    1000  1.00  1.82  1.92  1.76  1.74
154  3164.    12686.     5517.     7169. 1.74    1000  1.00  1.83  1.92  1.77  1.74
153  3130.    12017.     5090.     6927. 1.73    1000  1.00  1.81  1.91  1.73  1.73
152  3096.    11253.     4740.     6513. 1.69    1000  1.00  1.80  1.87  1.73  1.69
151  3062.    10486.     4332.     6154. 1.63    1000  1.00  1.79  1.81  1.70  1.63
150  3028.     9737.     4106.     5631. 1.65    1000  1.00  1.80  1.83  1.73  1.65
149  2994.     9261.     3709.     5552. 1.59    1000  1.00  1.77  1.77  1.67  1.59
148  2960.     8442.     3301.     5141. 1.60    1000  1.00  1.72  1.78  1.64  1.60
147  2927.     8051.     2927.     5124. 1.58    1000  1.00  1.68  1.76  1.57  1.58
146  2893.     7888.     2839.     5049. 1.51    1000  1.00  1.64  1.68  1.56  1.51
145  2859.     7734.     2822.     4912. 1.55    1000  1.00  1.65  1.74  1.57  1.55
144  2825.     7339.     2467.     4872. 1.51    1000  1.00  1.59  1.69  1.51  1.51
143  2791.     7604.     2535.     5070. 1.50    1000  1.00  1.60  1.68  1.50  1.50
142  2757.     7489.     2463.     5026. 1.48    1000  1.00  1.59  1.67  1.49  1.48
141  2724.     7708.     2434.     5274. 1.46    1000  1.00  1.57  1.64  1.46  1.46
140  2690.     7943.     2423.     5520. 1.43    1000  1.00  1.57  1.61  1.44  1.43
139  2656.     8038.     2525.     5513. 1.42    1000  1.00  1.57  1.60  1.46  1.42
138  2622.     8478.     2523.     5955. 1.40    1000  1.00  1.59  1.58  1.42  1.40
137  2588.     8958.     2576.     6382. 1.41    1000  1.00  1.56  1.59  1.40  1.41
136  2554.     9172.     2706.     6466. 1.41    1000  1.00  1.56  1.59  1.42  1.41
135  2521.     9094.     2666.     6428. 1.39    1000  1.00  1.56  1.57  1.41  1.39
134  2487.     9508.     2820.     6688. 1.40    1000  1.00  1.55  1.59  1.42  1.40
133  2453.     9869.     2859.     7010. 1.40    1000  1.00  1.54  1.59  1.41  1.40
132  2419.    10496.     3066.     7430. 1.39    1000  1.00  1.57  1.59  1.41  1.39
131  2385.    11585.     3302.     8284. 1.37    1000  1.00  1.54  1.57  1.40  1.37
130  2351.    11826.     3475.     8351. 1.39    1000  1.00  1.58  1.59  1.42  1.39
129  2318.    11807.     3364.     8444. 1.38    1000  1.00  1.54  1.58  1.40  1.38
128  2284.    12838.     3640.     9198. 1.38    1000  1.00  1.54  1.59  1.40  1.38
127  2250.    13632.     3940.     9692. 1.39    1000  1.00  1.55  1.61  1.41  1.39
126  2216.    13840.     3722.    10118. 1.34    1000  1.00  1.52  1.55  1.37  1.34
125  2182.    13982.     3761.    10221. 1.33    1000  1.00  1.52  1.55  1.37  1.33
124  2148.    14087.     3654.    10434. 1.33    1000  1.00  1.51  1.54  1.35  1.33
123  2114.    13450.     3348.    10101. 1.30    1000  1.00  1.53  1.51  1.33  1.30
122  2081.    12455.     2990.     9465. 1.26    1000  1.00  1.56  1.47  1.32  1.26
121  2047.    11318.     2635.     8683. 1.23    1000  1.00  1.53  1.45  1.30  1.23
120  2013.     9316.     2007.     7308. 1.18    1000  1.00  1.50  1.39  1.27  1.18
119  1979.     7880.     1690.     6190. 1.15    1000  1.00  1.45  1.36  1.27  1.15
118  1945.     6335.     1307.     5028. 1.13    1000  1.00  1.40  1.33  1.26  1.13
117  1911.     4937.     1003.     3934. 1.10    1000  1.00  1.38  1.30  1.25  1.10
116  1878.     3537.      683.     2854. 1.08    1000  1.00  1.35  1.28  1.24  1.08
115  1844.     2395.      446.     1948. 1.04    1000  1.00  1.40  1.24  1.23  1.04
114  1810.     1685.      341.     1345. 1.09    1000  1.00  1.47  1.30  1.25  1.09
113  1776.     1295.      329.      966. 1.11    1000  1.00  1.52  1.34  1.34  1.11
112  1742.     1083.      287.      797. 1.13    1000  1.00  1.53  1.36  1.36  1.13
111  1708.     1116.      220.      895. 1.07    1000  1.00  1.48  1.30  1.25  1.07
110  1675.     1285.      247.     1038. 1.11    1000  1.00  1.39  1.36  1.24  1.11
109  1641.     1138.      180.      958. 1.09    1000  1.00  1.29  1.34  1.19  1.09
108  1607.     1234.      189.     1045. 1.14    1000  1.00  1.23  1.40  1.18  1.14
107  1573.     1346.      146.     1200. 1.10    1000  1.00  1.20  1.36  1.12  1.10
106  1539.     1315.       91.     1224. 1.06    1000  1.00  1.16  1.32  1.07  1.06
105  1505.     1490.       42.     1448. 1.03    1000  1.00  1.18  1.29  1.03  1.03
104  1472.     1506.       34.     1472. 1.03    1000  1.00  1.21  1.30  1.02  1.03
103  1438.     1573.        6.     1567. 0.98    1000  1.00  1.24  1.24  1.00  0.98
102  1404.     1637.       22.     1615. 0.96    1000  1.00  1.30  1.23  1.01  0.96
101  1370.     1741.       17.     1724. 0.93    1000  1.00  1.26  1.19  1.01  0.93
100  1336.     1675.       24.     1652. 0.92    1000  1.00  1.32  1.19  1.01  0.92
 99  1302.     1543.       91.     1452. 0.88    1000  1.00  1.25  1.15  1.06  0.88
 98  1268.     1588.      101.     1487. 0.87    1000  1.00  1.26  1.14  1.07  0.87
 97  1235.     1490.      116.     1375. 0.84    1000  1.00  1.38  1.11  1.08  0.84
 96  1201.     1412.      263.     1150. 0.83    1000  1.00  1.58  1.11  1.23  0.83
 95  1167.     1133.      172.      962. 0.82    1000  1.00  1.47  1.10  1.18  0.82
 94  1133.     1095.      150.      945. 0.79    1000  1.00  1.56  1.07  1.16  0.79
 93  1099.      922.      177.      745. 0.77    1000  1.00  1.51  1.06  1.24  0.77
 92  1065.      736.      132.      604. 0.74    1000  1.00  1.46  1.03  1.22  0.74
 91  1032.      517.       79.      438. 0.75    1000  1.00  1.31  1.06  1.18  0.75
 90   998.      391.       96.      295. 0.76    1000  1.00  1.34  1.09  1.33  0.76
 89   964.      330.       58.      272. 0.77    1000  1.00  1.22  1.12  1.21  0.77
 88   930.      247.       50.      196. 0.77    1000  1.00  1.26  1.14  1.26  0.77
 87   896.      269.       62.      207. 0.72    1000  1.00  1.32  1.09  1.30  0.72
 86   862.      128.       43.       85. 0.68    1000  1.00  1.51  1.04  1.51  0.68
 85   829.      171.       63.      108. 0.69    1000  1.00  1.59  1.08  1.59  0.69
 84   795.      136.       34.      102. 0.66    1000  1.00  1.33  1.07  1.33  0.66
 83   761.       83.       29.       54. 0.60    1000  1.00  1.54  1.00  1.54  0.60
 82   727.       66.       21.       45. 0.57    1000  1.00  1.48  0.96  1.48  0.57
 81   693.       70.       53.       17. 0.48    1000  1.00  4.18  0.85  4.18  0.48
 80   659.       86.       61.       25. 0.46    1000  1.00  3.42  0.84  3.42  0.46
 79   626.       26.       24.        2. 0.42    1000  1.00 13.82  0.81 13.82  0.42
 78   592.       14.        0.       14. 0.39    1000  1.00  1.00  0.79  1.00  0.39
 77   558.        3.        0.        3. 0.37    1000  1.00  1.00  0.81  1.00  0.37
 76   524.        0.        0.        0. 0.32    1000  1.00  1.00  0.75  1.00  0.32
 75   490.        0.        0.        0. 0.00    1000  1.00  0.00  0.00  0.00  0.00
 74   456.        0.        0.        0. 0.00    1000  1.00  0.00  0.00  0.00  0.00
 73   422.        0.        0.        0. 0.00    1000  1.00  0.00  0.00  0.00  0.00
 72   389.        0.        0.        0. 0.00    1000  1.00  0.00  0.00  0.00  0.00
 71   355.        0.        0.        0. 0.00    1000  1.00  0.00  0.00  0.00  0.00
 70   321.        0.        0.        0. 0.00    1000  1.00  0.00  0.00  0.00  0.00
 69   287.        0.        0.        0. 0.00    1000  1.00  0.00  0.00  0.00  0.00
 68   253.        9.        0.        9. 0.55    1000  1.00  1.00  0.69  1.00  0.55
 67   219.       12.        0.       12. 0.56    1000  1.00  1.00  0.62  1.00  0.56
 66   186.       22.        0.       22. 0.60    1000  1.00  1.00  0.60  1.00  0.60
 65   152.        0.        0.        0. 0.00    1000  1.00  0.00  0.00  0.00  0.00
 64   118.        7.        0.        7. 0.42    1000  1.00  1.00  0.42  1.00  0.42
 63    84.        0.        0.        0. 0.00    1000  1.00  0.00  0.00  0.00  0.00
 62    50.        0.        0.        0. 0.00    1000  1.00  0.00  0.00  0.00  0.00
 61    16.        0.        0.        0. 0.00    1000  1.00  0.00  0.00  0.00  0.00

Iteration number:   4
Y-ch   Ex        Af        Ag       Afg  Mult    Sing Alpha MATot METot MASta MESta
312  8510.   204444.   196713.     7731. 3.56       0  1.00 26.53  3.69 26.44  3.56
311  8476.   234139.   225004.     9134. 3.53       0  1.00 25.71  3.66 25.63  3.53
310  8443.   264754.   251031.    13723. 3.50       0  1.00 19.31  3.62 19.29  3.50
309  8409.   304569.   281230.    23340. 3.40       0  1.00 13.06  3.53 13.05  3.40
308  8375.   350796.   317736.    33060. 3.23       0  1.00 10.62  3.35 10.61  3.23
307  8341.   415075.   366109.    48966. 3.05       0  1.00  8.48  3.16  8.48  3.05
306  8307.   507271.   439469.    67802. 2.88       0  1.00  7.48  2.99  7.48  2.88
305  8273.   618154.   533602.    84552. 2.75       0  1.00  7.31  2.85  7.31  2.75
304  8240.   736122.   641276.    94846. 2.64       0  1.00  7.76  2.74  7.76  2.64
303  8206.   876008.   769619.   106389. 2.56       0  1.00  8.24  2.65  8.23  2.56
302  8172.  1024429.   909797.   114631. 2.50       0  1.00  8.94  2.59  8.94  2.50
301  8138.  1153318.  1040371.   112947. 2.45       0  1.00 10.22  2.54 10.21  2.45
300  8104.  1288248.  1175392.   112855. 2.41       0  1.00 11.43  2.51 11.42  2.41
299  8070.  1404262.  1294362.   109899. 2.38       0  1.00 12.79  2.48 12.78  2.38
298  8036.  1499210.  1388243.   110966. 2.37       0  1.00 13.53  2.46 13.51  2.37
297  8003.  1573834.  1466821.   107014. 2.34       0  1.00 14.72  2.43 14.71  2.34
296  7969.  1620291.  1515533.   104757. 2.33       0  1.00 15.48  2.42 15.47  2.33
295  7935.  1645498.  1545066.   100433. 2.32       0  1.00 16.41  2.41 16.38  2.32
294  7901.  1639583.  1542163.    97419. 2.31       0  1.00 16.85  2.40 16.83  2.31
293  7867.  1596095.  1503977.    92117. 2.30       0  1.00 17.34  2.39 17.33  2.30
292  7833.  1513628.  1427928.    85699. 2.29       0  1.00 17.68  2.38 17.66  2.29
291  7800.  1399823.  1317829.    81994. 2.29       0  1.00 17.11  2.38 17.07  2.29
290  7766.  1259586.  1183896.    75689. 2.28       0  1.00 16.65  2.37 16.64  2.28
289  7732.  1098968.  1028560.    70408. 2.28       0  1.00 15.62  2.37 15.61  2.28
288  7698.   923301.   860191.    63110. 2.28       0  1.00 14.64  2.38 14.63  2.28
287  7664.   755546.   698896.    56650. 2.29       0  1.00 13.36  2.39 13.34  2.29
286  7630.   590168.   538414.    51754. 2.31       0  1.00 11.41  2.41 11.40  2.31
285  7597.   454781.   407352.    47429. 2.35       0  1.00  9.60  2.44  9.59  2.35
284  7563.   331968.   290881.    41087. 2.39       0  1.00  8.09  2.48  8.08  2.39
283  7529.   236307.   199253.    37055. 2.47       0  1.00  6.39  2.57  6.38  2.47
282  7495.   164540.   131947.    32593. 2.65       0  1.00  5.06  2.76  5.05  2.65
281  7461.   118603.    89397.    29207. 2.95       0  1.00  4.06  3.07  4.06  2.95
280  7427.    94837.    67231.    27606. 3.31       0  1.00  3.44  3.45  3.44  3.31
279  7394.    85810.    58442.    27368. 3.62       0  1.00  3.14  3.78  3.14  3.62
278  7360.    81928.    50467.    31460. 3.74       0  1.00  2.61  3.90  2.60  3.74
277  7326.    82773.    55508.    27265. 3.74       0  1.00  3.05  3.90  3.04  3.74
276  7292.    82615.    55456.    27159. 3.76       0  1.00  3.05  3.92  3.04  3.76
275  7258.    83544.    55239.    28305. 3.73       0  1.00  2.97  3.89  2.95  3.73
274  7224.    83533.    57760.    25773. 3.73       0  1.00  3.26  3.89  3.24  3.73
273  7190.    85131.    56985.    28145. 3.71       0  1.00  3.04  3.87  3.02  3.71
272  7157.    86224.    55830.    30394. 3.69       0  1.00  2.85  3.86  2.84  3.69
271  7123.    87049.    55665.    31384. 3.71       0  1.00  2.79  3.87  2.77  3.71
270  7089.    88331.    54432.    33899. 3.66       0  1.00  2.61  3.83  2.61  3.66
269  7055.    89947.    56414.    33533. 3.69       0  1.00  2.69  3.85  2.68  3.69
268  7021.    92397.    56131.    36266. 3.66       0  1.00  2.56  3.83  2.55  3.66
267  6987.    93528.    56929.    36600. 3.64       0  1.00  2.57  3.80  2.56  3.64
266  6954.    96924.    58560.    38364. 3.65       0  1.00  2.54  3.82  2.53  3.65
265  6920.    98470.    59979.    38490. 3.63       0  1.00  2.57  3.80  2.56  3.63
264  6886.   101445.    61275.    40170. 3.57       0  1.00  2.54  3.73  2.53  3.57
263  6852.   103201.    62391.    40810. 3.61       0  1.00  2.55  3.78  2.53  3.61
262  6818.   104749.    61182.    43567. 3.54       0  1.00  2.42  3.70  2.40  3.54
261  6784.   108104.    62121.    45982. 3.52       0  1.00  2.37  3.68  2.35  3.52
260  6751.   112319.    62679.    49639. 3.58       0  1.00  2.28  3.75  2.26  3.58
259  6717.   119749.    62627.    57122. 3.60       0  1.00  2.11  3.77  2.10  3.60
258  6683.   133707.    64305.    69402. 3.79       0  1.00  1.94  3.97  1.93  3.79
257  6649.   156345.    55898.   100447. 4.01       0  1.00  1.57  4.20  1.56  4.01
256  6615.   185252.    58007.   127245. 4.30       0  1.00  1.47  4.51  1.46  4.30
255  6581.   220204.    58194.   162010. 4.58       0  1.00  1.37  4.80  1.36  4.58
254  6548.   260113.    57892.   202221. 4.72       0  1.00  1.30  4.95  1.29  4.72
253  6514.   297676.    62471.   235205. 4.98    1000  1.00  1.27  5.22  1.27  4.98
252  6480.   334181.    60877.   273304. 5.10       0  1.00  1.23  5.35  1.22  5.10
251  6446.   360641.    69017.   291625. 5.20       0  1.00  1.24  5.45  1.24  5.20
250  6412.   377428.    69040.   308387. 5.23       0  1.00  1.23  5.48  1.22  5.23
249  6378.   383334.    67463.   315870. 5.19       0  1.00  1.22  5.45  1.21  5.19
248  6344.   376668.    68971.   307698. 5.21    1000  1.00  1.23  5.47  1.22  5.21
247  6311.   361319.    68846.   292473. 5.13       0  1.00  1.25  5.39  1.24  5.13
246  6277.   336528.    60874.   275654. 5.02    1000  1.00  1.23  5.27  1.22  5.02
245  6243.   306521.    73314.   233206. 4.92    1000  1.00  1.32  5.17  1.31  4.92
244  6209.   270993.    62049.   208944. 4.76    1000  1.00  1.31  5.00  1.30  4.76
243  6175.   231488.    59009.   172479. 4.56       0  1.00  1.36  4.79  1.34  4.56
242  6141.   195566.    59255.   136311. 4.33    1000  1.00  1.44  4.55  1.43  4.33
241  6108.   163025.    63207.    99818. 4.09    1000  1.00  1.64  4.31  1.63  4.09
240  6074.   137857.    58621.    79236. 3.81    1000  1.00  1.75  4.00  1.74  3.81
239  6040.   116781.    54873.    61909. 3.57    1000  1.00  1.89  3.76  1.89  3.57
238  6006.   101924.    52821.    49103. 3.35       0  1.00  2.08  3.53  2.08  3.35
237  5972.    93221.    49886.    43335. 3.16    1000  1.00  2.16  3.33  2.15  3.16
236  5938.    86869.    48284.    38585. 3.07    1000  1.00  2.27  3.23  2.25  3.07
235  5905.    83746.    48286.    35459. 2.96    1000  1.00  2.38  3.12  2.36  2.96
234  5871.    82655.    47869.    34785. 2.87    1000  1.00  2.38  3.03  2.38  2.87
233  5837.    79815.    45870.    33945. 2.81    1000  1.00  2.37  2.97  2.35  2.81
232  5803.    77331.    46877.    30454. 2.76    1000  1.00  2.56  2.91  2.54  2.76
231  5769.    77687.    46019.    31668. 2.64    1000  1.00  2.47  2.78  2.45  2.64
230  5735.    76998.    47456.    29543. 2.63    1000  1.00  2.63  2.78  2.61  2.63
229  5702.    78467.    46327.    32140. 2.61    1000  1.00  2.46  2.75  2.44  2.61
228  5668.    79341.    47230.    32111. 2.60    1000  1.00  2.48  2.75  2.47  2.60
227  5634.    80740.    48170.    32569. 2.57    1000  1.00  2.51  2.71  2.48  2.57
226  5600.    79978.    48260.    31718. 2.55    1000  1.00  2.53  2.70  2.52  2.55
225  5566.    82090.    48389.    33701. 2.49    1000  1.00  2.44  2.63  2.44  2.49
224  5532.    80033.    47522.    32511. 2.56    1000  1.00  2.47  2.70  2.46  2.56
223  5498.    82944.    49451.    33493. 2.49    1000  1.00  2.48  2.63  2.48  2.49
222  5465.    83432.    49748.    33684. 2.48    1000  1.00  2.50  2.62  2.48  2.48
221  5431.    82728.    49478.    33250. 2.51    1000  1.00  2.50  2.66  2.49  2.51
220  5397.    86273.    51503.    34769. 2.48    1000  1.00  2.49  2.62  2.48  2.48
219  5363.    88396.    52904.    35492. 2.50    1000  1.00  2.50  2.65  2.49  2.50
218  5329.    90188.    53940.    36247. 2.49    1000  1.00  2.50  2.64  2.49  2.49
217  5295.    92083.    53553.    38531. 2.51    1000  1.00  2.40  2.66  2.39  2.51
216  5262.    92360.    55030.    37330. 2.50    1000  1.00  2.50  2.65  2.47  2.50
215  5228.    95276.    56918.    38358. 2.49    1000  1.00  2.51  2.64  2.48  2.49
214  5194.    96537.    57312.    39225. 2.46    1000  1.00  2.49  2.62  2.46  2.46
213  5160.    97399.    57938.    39462. 2.50    1000  1.00  2.48  2.65  2.47  2.50
212  5126.    97365.    58239.    39126. 2.45    1000  1.00  2.51  2.60  2.49  2.45
211  5092.    98251.    57575.    40676. 2.41    1000  1.00  2.44  2.56  2.42  2.41
210  5059.    96783.    57578.    39205. 2.41    1000  1.00  2.49  2.56  2.47  2.41
209  5025.    95444.    56114.    39329. 2.38    1000  1.00  2.45  2.53  2.43  2.38
208  4991.    93345.    55047.    38298. 2.38    1000  1.00  2.46  2.53  2.44  2.38
207  4957.    91903.    53703.    38200. 2.33    1000  1.00  2.42  2.48  2.41  2.33
206  4923.    89067.    51504.    37563. 2.30    1000  1.00  2.40  2.45  2.37  2.30
205  4889.    86030.    49603.    36427. 2.28    1000  1.00  2.39  2.43  2.36  2.28
204  4856.    83893.    48389.    35504. 2.26    1000  1.00  2.39  2.41  2.36  2.26
203  4822.    80619.    45893.    34726. 2.23    1000  1.00  2.35  2.38  2.32  2.23
202  4788.    78236.    44344.    33892. 2.21    1000  1.00  2.35  2.36  2.31  2.21
201  4754.    75995.    43224.    32771. 2.24    1000  1.00  2.35  2.39  2.32  2.24
200  4720.    71362.    40745.    30618. 2.23    1000  1.00  2.37  2.38  2.33  2.23
199  4686.    68611.    38771.    29840. 2.20    1000  1.00  2.34  2.35  2.30  2.20
198  4652.    65135.    36545.    28590. 2.20    1000  1.00  2.31  2.36  2.28  2.20
197  4619.    61635.    34506.    27129. 2.19    1000  1.00  2.30  2.35  2.27  2.19
196  4585.    58999.    33194.    25805. 2.19    1000  1.00  2.31  2.35  2.29  2.19
195  4551.    56347.    31571.    24776. 2.20    1000  1.00  2.30  2.36  2.27  2.20
194  4517.    53828.    30082.    23746. 2.18    1000  1.00  2.29  2.34  2.27  2.18
193  4483.    51786.    28728.    23058. 2.18    1000  1.00  2.27  2.33  2.25  2.18
192  4449.    50865.    28145.    22720. 2.18    1000  1.00  2.26  2.34  2.24  2.18
191  4416.    49509.    27393.    22116. 2.17    1000  1.00  2.26  2.33  2.24  2.17
190  4382.    48360.    26622.    21738. 2.14    1000  1.00  2.25  2.30  2.22  2.14
189  4348.    46230.    25425.    20805. 2.15    1000  1.00  2.24  2.31  2.22  2.15
188  4314.    45918.    25194.    20724. 2.15    1000  1.00  2.24  2.31  2.22  2.15
187  4280.    45819.    25011.    20808. 2.15    1000  1.00  2.23  2.31  2.20  2.15
186  4246.    45153.    24186.    20967. 2.13    1000  1.00  2.17  2.29  2.15  2.13
185  4213.    44620.    24054.    20567. 2.11    1000  1.00  2.19  2.27  2.17  2.11
184  4179.    43719.    23446.    20273. 2.09    1000  1.00  2.18  2.25  2.16  2.09
183  4145.    43541.    23251.    20290. 2.10    1000  1.00  2.17  2.27  2.15  2.10
182  4111.    43029.    22909.    20120. 2.06    1000  1.00  2.16  2.22  2.14  2.06
181  4077.    43713.    23002.    20711. 2.05    1000  1.00  2.13  2.21  2.11  2.05
180  4043.    44137.    23229.    20908. 2.06    1000  1.00  2.14  2.22  2.11  2.06
179  4010.    43585.    22804.    20781. 2.04    1000  1.00  2.12  2.20  2.10  2.04
178  3976.    43686.    22782.    20905. 2.03    1000  1.00  2.12  2.20  2.09  2.03
177  3942.    43688.    22763.    20925. 2.02    1000  1.00  2.12  2.19  2.09  2.02
176  3908.    42984.    22134.    20849. 2.02    1000  1.00  2.09  2.19  2.06  2.02
175  3874.    42803.    22114.    20689. 1.99    1000  1.00  2.09  2.16  2.07  1.99
174  3840.    41707.    21318.    20389. 1.99    1000  1.00  2.07  2.16  2.05  1.99
173  3806.    40569.    20558.    20011. 1.97    1000  1.00  2.06  2.14  2.03  1.97
172  3773.    39847.    20040.    19807. 1.96    1000  1.00  2.04  2.13  2.01  1.96
171  3739.    37608.    18935.    18673. 1.96    1000  1.00  2.05  2.13  2.01  1.96
170  3705.    36617.    18319.    18298. 1.94    1000  1.00  2.04  2.11  2.00  1.94
169  3671.    34344.    16981.    17363. 1.90    1000  1.00  2.02  2.07  1.98  1.90
168  3637.    32544.    16054.    16490. 1.91    1000  1.00  2.01  2.08  1.97  1.91
167  3603.    31433.    15407.    16026. 1.88    1000  1.00  2.01  2.05  1.96  1.88
166  3570.    28787.    14068.    14719. 1.88    1000  1.00  1.99  2.06  1.96  1.88
165  3536.    27559.    13086.    14473. 1.84    1000  1.00  1.94  2.01  1.90  1.84
164  3502.    25525.    12245.    13280. 1.83    1000  1.00  1.96  2.01  1.92  1.83
163  3468.    24309.    11367.    12942. 1.81    1000  1.00  1.93  1.98  1.88  1.81
162  3434.    22301.    10375.    11926. 1.82    1000  1.00  1.91  2.00  1.87  1.82
161  3400.    20648.     9602.    11046. 1.80    1000  1.00  1.92  1.97  1.87  1.80
160  3367.    19784.     9161.    10623. 1.80    1000  1.00  1.92  1.98  1.86  1.80
159  3333.    18173.     8215.     9957. 1.76    1000  1.00  1.88  1.93  1.83  1.76
158  3299.    17054.     7606.     9447. 1.78    1000  1.00  1.86  1.96  1.81  1.78
157  3265.    15638.     6802.     8836. 1.77    1000  1.00  1.83  1.95  1.77  1.77
156  3231.    14699.     6466.     8233. 1.74    1000  1.00  1.85  1.92  1.79  1.74
155  3197.    13416.     5776.     7641. 1.74    1000  1.00  1.82  1.92  1.76  1.74
154  3164.    12686.     5551.     7135. 1.74    1000  1.00  1.84  1.92  1.78  1.74
153  3130.    12017.     5112.     6905. 1.73    1000  1.00  1.81  1.91  1.74  1.73
152  3096.    11253.     4775.     6479. 1.69    1000  1.00  1.81  1.87  1.74  1.69
151  3062.    10486.     4390.     6096. 1.63    1000  1.00  1.81  1.81  1.72  1.63
150  3028.     9737.     4147.     5590. 1.65    1000  1.00  1.81  1.83  1.74  1.65
149  2994.     9261.     3748.     5513. 1.59    1000  1.00  1.78  1.77  1.68  1.59
148  2960.     8442.     3351.     5091. 1.60    1000  1.00  1.74  1.78  1.66  1.60
147  2927.     8051.     3173.     4878. 1.58    1000  1.00  1.76  1.76  1.65  1.58
146  2893.     7888.     2872.     5016. 1.51    1000  1.00  1.65  1.68  1.57  1.51
145  2859.     7734.     2885.     4849. 1.55    1000  1.00  1.67  1.74  1.60  1.55
144  2825.     7339.     2481.     4858. 1.51    1000  1.00  1.60  1.69  1.51  1.51
143  2791.     7604.     2553.     5051. 1.50    1000  1.00  1.61  1.68  1.51  1.50
142  2757.     7489.     2511.     4978. 1.48    1000  1.00  1.60  1.67  1.50  1.48
141  2724.     7708.     2468.     5240. 1.46    1000  1.00  1.58  1.64  1.47  1.46
140  2690.     7943.     2469.     5474. 1.43    1000  1.00  1.59  1.61  1.45  1.43
139  2656.     8038.     2568.     5470. 1.42    1000  1.00  1.58  1.60  1.47  1.42
138  2622.     8478.     2617.     5861. 1.40    1000  1.00  1.62  1.58  1.45  1.40
137  2588.     8958.     2702.     6257. 1.41    1000  1.00  1.58  1.59  1.43  1.41
136  2554.     9172.     2831.     6341. 1.41    1000  1.00  1.59  1.59  1.45  1.41
135  2521.     9094.     2853.     6241. 1.39    1000  1.00  1.61  1.57  1.46  1.39
134  2487.     9508.     3051.     6456. 1.40    1000  1.00  1.61  1.59  1.47  1.40
133  2453.     9869.     2989.     6880. 1.40    1000  1.00  1.57  1.59  1.43  1.40
132  2419.    10496.     3250.     7246. 1.39    1000  1.00  1.61  1.59  1.45  1.39
131  2385.    11585.     3516.     8069. 1.37    1000  1.00  1.58  1.57  1.44  1.37
130  2351.    11826.     3654.     8173. 1.39    1000  1.00  1.61  1.59  1.45  1.39
129  2318.    11807.     3542.     8265. 1.38    1000  1.00  1.57  1.58  1.43  1.38
128  2284.    12838.     3830.     9008. 1.38    1000  1.00  1.56  1.59  1.43  1.38
127  2250.    13632.     4164.     9469. 1.39    1000  1.00  1.58  1.61  1.44  1.39
126  2216.    13840.     3958.     9881. 1.34    1000  1.00  1.55  1.55  1.40  1.34
125  2182.    13982.     4004.     9978. 1.33    1000  1.00  1.55  1.55  1.40  1.33
124  2148.    14087.     3888.    10199. 1.33    1000  1.00  1.54  1.54  1.38  1.33
123  2114.    13450.     3576.     9873. 1.30    1000  1.00  1.56  1.51  1.36  1.30
122  2081.    12455.     3187.     9268. 1.26    1000  1.00  1.59  1.47  1.34  1.26
121  2047.    11318.     2784.     8534. 1.23    1000  1.00  1.55  1.45  1.33  1.23
120  2013.     9316.     2092.     7224. 1.18    1000  1.00  1.51  1.39  1.29  1.18
119  1979.     7880.     1739.     6141. 1.15    1000  1.00  1.46  1.36  1.28  1.15
118  1945.     6335.     1347.     4988. 1.13    1000  1.00  1.41  1.33  1.27  1.13
117  1911.     4937.     1027.     3910. 1.10    1000  1.00  1.39  1.30  1.26  1.10
116  1878.     3537.      695.     2842. 1.08    1000  1.00  1.36  1.28  1.24  1.08
115  1844.     2395.      448.     1947. 1.04    1000  1.00  1.40  1.24  1.23  1.04
114  1810.     1685.      358.     1327. 1.09    1000  1.00  1.48  1.30  1.27  1.09
113  1776.     1295.      331.      965. 1.11    1000  1.00  1.52  1.34  1.34  1.11
112  1742.     1083.      288.      796. 1.13    1000  1.00  1.54  1.36  1.36  1.13
111  1708.     1116.      220.      895. 1.07    1000  1.00  1.48  1.30  1.25  1.07
110  1675.     1285.      247.     1038. 1.11    1000  1.00  1.39  1.36  1.24  1.11
109  1641.     1138.      180.      958. 1.09    1000  1.00  1.29  1.34  1.19  1.09
108  1607.     1234.      188.     1046. 1.14    1000  1.00  1.23  1.40  1.18  1.14
107  1573.     1346.      146.     1200. 1.10    1000  1.00  1.20  1.36  1.12  1.10
106  1539.     1315.       91.     1224. 1.06    1000  1.00  1.16  1.32  1.07  1.06
105  1505.     1490.       42.     1448. 1.03    1000  1.00  1.18  1.29  1.03  1.03
104  1472.     1506.       34.     1472. 1.03    1000  1.00  1.21  1.30  1.02  1.03
103  1438.     1573.        6.     1567. 0.98    1000  1.00  1.24  1.24  1.00  0.98
102  1404.     1637.       22.     1615. 0.96    1000  1.00  1.30  1.23  1.01  0.96
101  1370.     1741.       17.     1724. 0.93    1000  1.00  1.26  1.19  1.01  0.93
