Response function created for file:alfna    at 13-Dec-18 11:58:08
Calibration (a0,a1)= -1988.0   32.000  FWHM=    3.0

 Egam(keV) FWHM(keV) EffTot  Photo  Compton Single  Double   Annih
   252.0      38.3   1.163  0.3980  0.6020  0.0000  0.0000  0.0000
   572.0      36.5   1.115  0.3366  0.6634  0.0000  0.0000  0.0000
   892.0      37.6   1.059  0.3017  0.6983  0.0000  0.0000  0.0000
  1212.0      39.2   1.013  0.2883  0.7109  0.0005  0.0000  0.0003
  1532.0      41.7   0.980  0.2709  0.7235  0.0034  0.0006  0.0016
  1852.0      44.4   0.956  0.2537  0.7321  0.0086  0.0014  0.0041
  2172.0      47.4   0.939  0.2393  0.7360  0.0148  0.0025  0.0075
  2492.0      50.8   0.932  0.2255  0.7385  0.0217  0.0033  0.0110
  2812.0      54.3   0.924  0.2139  0.7391  0.0282  0.0044  0.0144
  3132.0      58.0   0.920  0.2003  0.7427  0.0340  0.0052  0.0177
  3452.0      61.9   0.922  0.1901  0.7439  0.0392  0.0060  0.0209
  3772.0      65.9   0.922  0.1791  0.7468  0.0439  0.0063  0.0240
  4092.0      69.9   0.925  0.1703  0.7475  0.0482  0.0073  0.0267
  4412.0      74.1   0.929  0.1614  0.7486  0.0527  0.0076  0.0297
  4732.0      78.3   0.936  0.1527  0.7542  0.0545  0.0073  0.0313
  5052.0      82.6   0.941  0.1467  0.7559  0.0570  0.0078  0.0326
  5372.0      86.9   0.951  0.1368  0.7611  0.0588  0.0081  0.0352
  5692.0      91.3   0.953  0.1320  0.7629  0.0597  0.0083  0.0371
  6012.0      95.7   0.959  0.1268  0.7666  0.0609  0.0086  0.0371
  6332.0     100.1   0.968  0.1202  0.7719  0.0601  0.0085  0.0394
  6652.0     104.6   0.976  0.1155  0.7742  0.0612  0.0086  0.0404
  6972.0     109.1   0.982  0.1104  0.7800  0.0604  0.0079  0.0413
  7292.0     113.6   0.990  0.1061  0.7837  0.0604  0.0079  0.0420
  7612.0     118.1   1.000  0.1013  0.7879  0.0602  0.0078  0.0428
  7932.0     122.6   1.007  0.0970  0.7935  0.0585  0.0074  0.0436
  8252.0     127.2   1.016  0.0939  0.7964  0.0576  0.0079  0.0442
  8572.0     131.8   1.021  0.0894  0.8026  0.0562  0.0074  0.0444
  8892.0     136.3   1.032  0.0851  0.8075  0.0552  0.0074  0.0448
  9212.0     140.9   1.042  0.0813  0.8122  0.0539  0.0071  0.0456
  9532.0     145.5   1.050  0.0791  0.8164  0.0525  0.0068  0.0452
  9852.0     150.1   1.056  0.0756  0.8207  0.0509  0.0068  0.0461
 10172.0     154.8   1.065  0.0734  0.8239  0.0499  0.0066  0.0461
 10492.0     159.5   1.073  0.0704  0.8287  0.0484  0.0064  0.0461
 10812.0     164.1   1.081  0.0675  0.8332  0.0470  0.0062  0.0462
 11132.0     168.8   1.089  0.0647  0.8373  0.0457  0.0060  0.0463
 11452.0     173.4   1.097  0.0617  0.8420  0.0442  0.0058  0.0463
 11772.0     178.0   1.106  0.0589  0.8463  0.0428  0.0056  0.0464
 12092.0     182.6   1.113  0.0566  0.8496  0.0416  0.0054  0.0467
 12412.0     187.3   1.121  0.0543  0.8542  0.0400  0.0052  0.0463
 12732.0     192.0   1.128  0.0525  0.8572  0.0387  0.0051  0.0464
 13052.0     196.7   1.135  0.0504  0.8609  0.0373  0.0050  0.0463
 13372.0     201.3   1.142  0.0485  0.8643  0.0359  0.0049  0.0463
 13692.0     206.0   1.149  0.0466  0.8677  0.0346  0.0048  0.0463
 Details on efficiency up to 1000 keV:
    Egam  EffTot  EffExp  EffTot*EffExp
=======================================
    28.0   1.185   0.000   0.000
    60.0   1.182   0.000   0.000
    92.0   1.179   0.000   0.000
   124.0   1.176   0.002   0.002
   156.0   1.172   0.033   0.039
   188.0   1.169   0.091   0.107
   220.0   1.166   0.290   0.339
   252.0   1.163   0.466   0.541
   284.0   1.159   0.568   0.659
   316.0   1.156   0.719   0.831
   348.0   1.153   0.872   1.006
   380.0   1.150   0.890   1.023
   412.0   1.145   0.907   1.039
   444.0   1.139   0.925   1.054
   476.0   1.133   0.943   1.068
   508.0   1.127   0.960   1.082
   540.0   1.121   0.978   1.096
   572.0   1.115   0.990   1.104
   604.0   1.109   0.992   1.100
   636.0   1.103   0.993   1.096
   668.0   1.097   0.995   1.092
   700.0   1.092   0.996   1.088
   732.0   1.086   0.998   1.084
   764.0   1.080   0.999   1.080
   796.0   1.075   1.000   1.075
   828.0   1.069   1.000   1.069
   860.0   1.064   1.000   1.064
   892.0   1.059   1.000   1.059
   924.0   1.054   1.000   1.054
   956.0   1.049   1.000   1.049
   988.0   1.044   1.000   1.044
