# E y yerr
1.200800000000000090e+00 4.616406799999999751e-08 1.535061100000000011e-09
1.336160000000000014e+00 3.895938099999999736e-08 1.265890600000000046e-09
1.471519999999999939e+00 4.947997900000000028e-08 1.689677400000000103e-09
1.606879999999999864e+00 6.025962299999999392e-08 2.021054000000000205e-09
1.742240000000000233e+00 5.930595400000000036e-08 2.077456899999999818e-09
1.877600000000000158e+00 7.079418699999999526e-08 2.730602400000000000e-09
2.012960000000000083e+00 1.079491999999999936e-07 4.070086000000000332e-09
2.148320000000000007e+00 1.168035999999999965e-07 4.675671400000000286e-09
2.283679999999999932e+00 1.153887200000000052e-07 4.568248399999999715e-09
2.419039999999999857e+00 1.157224400000000035e-07 5.377394499999999964e-09
2.554400000000000226e+00 1.162736199999999974e-07 5.757985199999999593e-09
2.689760000000000151e+00 1.097872200000000063e-07 5.394256199999999970e-09
2.825120000000000076e+00 1.175675600000000030e-07 6.607988399999999953e-09
2.960480000000000000e+00 1.175747400000000021e-07 6.668515500000000266e-09
3.095839999999999925e+00 1.191406700000000019e-07 7.183596799999999692e-09
3.231200000000000294e+00 1.210559499999999995e-07 6.987102000000000219e-09
3.366559999999999775e+00 1.355419100000000014e-07 8.919692499999999388e-09
3.501920000000000144e+00 1.325536899999999974e-07 8.468412599999999299e-09
3.637280000000000513e+00 1.415424399999999925e-07 1.031736300000000057e-08
3.772639999999999993e+00 1.483303200000000015e-07 1.217348000000000003e-08
3.908000000000000362e+00 1.493041299999999932e-07 1.620681400000000106e-08
4.043359999999999843e+00 1.715758799999999888e-07 2.138015800000000094e-08
