# # E y
1.179200100000000195e-01 1.395369347846024860e-08
2.532800100000000554e-01 1.565514425134481441e-08
3.886400099999999802e-01 1.756406865923378792e-08
5.240000100000001826e-01 1.970576175859611442e-08
6.593600100000001074e-01 2.210861115033172319e-08
7.947200100000000322e-01 2.480446635242793116e-08
9.300800100000001791e-01 2.782902440054259582e-08
1.065440010000000104e+00 3.122239276582100899e-08
1.200800010000000029e+00 3.502953396914416504e-08
1.336160009999999954e+00 3.931265223352764956e-08
1.471520009999999878e+00 4.833659093366101151e-08
1.606880009999999803e+00 6.096639020718038441e-08
1.742240010000000172e+00 5.930596018372066768e-08
1.877600010000000097e+00 7.079417763373048866e-08
2.012960010000000022e+00 1.079492281292505070e-07
2.148320009999999947e+00 1.168035493407931549e-07
2.283680009999999871e+00 1.153887475819467442e-07
2.419040009999999796e+00 1.157224312144145030e-07
2.554400010000000165e+00 1.162736209562845910e-07
2.689760010000000090e+00 1.097872404841058382e-07
2.825120010000000015e+00 1.175675850278624219e-07
2.960480009999999940e+00 1.175747265607396535e-07
3.095840009999999864e+00 1.191406411147375901e-07
3.231200010000000233e+00 1.210559685988817664e-07
3.366560009999999714e+00 1.355419041526473340e-07
3.501920010000000083e+00 1.325536945455709951e-07
3.637280010000000452e+00 1.415424173067776931e-07
3.772640009999999933e+00 1.434270410971080072e-07
3.908000010000000302e+00 1.477370662718441030e-07
4.043360009999999782e+00 1.527256140517508179e-07
4.178720010000000151e+00 1.584146350729577590e-07
4.314080010000000520e+00 1.648340569640518428e-07
4.449440010000000001e+00 1.720209974153345503e-07
4.584800010000000370e+00 1.800206535068209262e-07
4.720160009999999851e+00 1.888858180442979600e-07
4.855520010000000219e+00 1.986775070440526871e-07
4.990880010000000588e+00 2.094645508828098575e-07
5.126240010000000069e+00 2.213253418979536806e-07
5.261600010000000438e+00 2.343477858242377714e-07
5.396960009999999919e+00 2.486293049967693539e-07
5.532320010000000288e+00 2.642801031074585548e-07
5.667680009999999768e+00 2.814211871878327383e-07
5.803040010000000137e+00 3.001868309932462182e-07
5.938400010000000506e+00 3.207276574550885265e-07
6.073760009999999987e+00 3.432080352050292282e-07
6.209120010000000356e+00 3.678125992225147221e-07
6.344480009999999837e+00 3.947435798172062825e-07
6.479840010000000206e+00 4.242246607866745833e-07
6.615200010000000574e+00 4.565057179214120526e-07
6.750560010000000055e+00 4.918607652512152359e-07
6.885920010000000424e+00 5.305926727441328900e-07
7.021280009999999905e+00 5.730397086567617138e-07
7.156640010000000274e+00 6.195723926833629712e-07
7.292000010000000643e+00 6.706031118953565395e-07
7.427360010000001012e+00 7.265885650267715144e-07
7.562720009999999604e+00 7.880321416805249381e-07
7.698080009999999973e+00 8.554935358535164068e-07
7.833440010000000342e+00 9.295921169167989755e-07
7.968800010000000711e+00 1.011014032995976928e-06
8.104160010000002856e+00 1.100520032847648655e-06
8.239520010000001449e+00 1.198954436631622487e-06
8.374880010000001818e+00 1.307251091267783004e-06
8.510240010000002187e+00 1.426446149929738328e-06
8.645600010000002555e+00 1.557691302620324081e-06
8.780960010000002924e+00 1.702263577486825731e-06
8.916320010000001517e+00 1.861580576127164999e-06
9.051680010000001886e+00 2.037218679424740701e-06
9.187040010000002255e+00 2.230921944998798890e-06
9.322400010000002624e+00 2.444634846732002323e-06
9.457760010000002993e+00 2.680518075670548579e-06
9.593120010000001585e+00 2.940965900520334305e-06
9.728480010000001954e+00 3.228647601517095485e-06
9.863840010000002323e+00 3.546532792170451190e-06
9.999200010000002692e+00 3.897910242834977206e-06
1.013456001000000306e+01 4.286465523028134133e-06
1.026992001000000165e+01 4.716276686710467075e-06
1.040528001000000202e+01 5.191880691048376327e-06
1.054064001000000239e+01 5.718359692986984881e-06
1.067600001000000276e+01 6.301331679330178904e-06
1.081136001000000313e+01 6.947098246122083428e-06
1.094672001000000172e+01 7.662646383621016106e-06
1.108208001000000209e+01 8.455766807108759008e-06
1.121744001000000246e+01 9.335164993938670439e-06
1.135280001000000283e+01 1.031050391673447415e-05
1.148816001000000320e+01 1.139260365605559301e-05
1.162352001000000179e+01 1.259354054635336278e-05
1.175888001000000216e+01 1.392673830651445969e-05
1.189424001000000253e+01 1.540719495094873551e-05
1.202960001000000290e+01 1.705162260114570795e-05
1.216496001000000149e+01 1.887876662679199047e-05
1.230032001000000186e+01 2.090942074535063124e-05
1.243568001000000223e+01 2.316695971382672802e-05
1.257104001000000260e+01 2.567736619286603377e-05
1.270640001000000296e+01 2.846964623056848226e-05
1.284176001000000156e+01 3.157638566159635794e-05
1.297712001000000193e+01 3.503375372937950303e-05
1.311248001000000230e+01 3.888244383887649760e-05
1.324784001000000266e+01 4.316773472867106677e-05
1.338320001000000303e+01 4.794032550743778834e-05
1.351856001000000163e+01 5.325681477644350474e-05
1.365392001000000199e+01 5.918080012984368044e-05
1.378928001000000236e+01 6.578300227540198413e-05
1.392464001000000273e+01 7.314303258373753462e-05
1.406000001000000310e+01 8.134958855098946208e-05
1.419536001000000169e+01 9.050189253917030456e-05
1.433072001000000206e+01 1.007115471283285830e-04
1.446608001000000243e+01 1.121027476994256809e-04
1.460144001000000280e+01 1.248154179051004617e-04
1.473680001000000317e+01 1.390055482383988669e-04
1.487216001000000176e+01 1.548478342842184001e-04
1.500752001000000213e+01 1.725388492971438093e-04
1.514288001000000250e+01 1.922975978719241880e-04
1.527824001000000109e+01 2.143708438269435366e-04
1.541360001000000324e+01 2.390340864035807712e-04
1.554896001000000183e+01 2.665965447066325216e-04
1.568432001000000398e+01 2.974041703819377529e-04
1.581968001000000257e+01 3.318460154490284028e-04
1.595504001000000116e+01 3.703586053926087585e-04
1.609040001000000331e+01 4.134300272788712775e-04
1.622576001000000190e+01 4.616076138260004997e-04
1.636112001000000404e+01 5.155080544604167788e-04
1.649648001000000264e+01 5.758204252964691568e-04
1.663184001000000123e+01 6.433178362810187392e-04
1.676720001000000337e+01 7.188715615307140127e-04
1.690256001000000197e+01 8.034556383261393531e-04
1.703792001000000411e+01 8.981631498234084535e-04
1.717328001000000270e+01 1.004226319262735596e-03
1.730864001000000130e+01 1.123023669032114768e-03
1.744400001000000344e+01 1.256102498637215112e-03
1.757936001000000203e+01 1.405207799874986022e-03
1.771472001000000418e+01 1.572289236729103919e-03
1.785008001000000277e+01 1.759548478163802925e-03
1.798544001000000137e+01 1.969450044465458852e-03
1.812080001000000351e+01 2.204761583565196560e-03
1.825616001000000210e+01 2.468606403404207100e-03
1.839152001000000425e+01 2.764476426691724140e-03
1.852688001000000284e+01 3.096316009708405953e-03
1.866224001000000143e+01 3.468544244193481028e-03
1.879760001000000358e+01 3.886126529102144206e-03
1.893296001000000217e+01 4.354667863075840396e-03
1.906832001000000432e+01 0.000000000000000000e+00
1.920368001000000291e+01 0.000000000000000000e+00
1.933904001000000150e+01 0.000000000000000000e+00
1.947440001000000365e+01 0.000000000000000000e+00
1.960976001000000224e+01 0.000000000000000000e+00
1.974512001000000438e+01 0.000000000000000000e+00
1.988048001000000298e+01 0.000000000000000000e+00
2.001584001000000157e+01 0.000000000000000000e+00
2.015120001000000372e+01 0.000000000000000000e+00
2.028656001000000231e+01 0.000000000000000000e+00
2.042192001000000445e+01 0.000000000000000000e+00
2.055728001000000305e+01 0.000000000000000000e+00
2.069264001000000164e+01 0.000000000000000000e+00
2.082800001000000378e+01 0.000000000000000000e+00
2.096336001000000238e+01 0.000000000000000000e+00
2.109872001000000452e+01 0.000000000000000000e+00
2.123408001000000311e+01 0.000000000000000000e+00
2.136944001000000171e+01 0.000000000000000000e+00
2.150480001000000385e+01 0.000000000000000000e+00
2.164016001000000244e+01 0.000000000000000000e+00
2.177552001000000459e+01 0.000000000000000000e+00
2.191088001000000318e+01 0.000000000000000000e+00
2.204624001000000177e+01 0.000000000000000000e+00
2.218160001000000392e+01 0.000000000000000000e+00
2.231696001000000251e+01 0.000000000000000000e+00
2.245232001000000466e+01 0.000000000000000000e+00
2.258768001000000325e+01 0.000000000000000000e+00
2.272304001000000184e+01 0.000000000000000000e+00
2.285840001000000399e+01 0.000000000000000000e+00
2.299376001000000258e+01 0.000000000000000000e+00
2.312912001000000473e+01 0.000000000000000000e+00
2.326448001000000332e+01 0.000000000000000000e+00
2.339984001000000191e+01 0.000000000000000000e+00
2.353520001000000406e+01 0.000000000000000000e+00
2.367056001000000265e+01 0.000000000000000000e+00
2.380592001000000479e+01 0.000000000000000000e+00
2.394128001000000339e+01 0.000000000000000000e+00
2.407664001000000198e+01 0.000000000000000000e+00
2.421200001000000412e+01 0.000000000000000000e+00
2.434736001000000272e+01 0.000000000000000000e+00
2.448272001000000486e+01 0.000000000000000000e+00
2.461808001000000345e+01 0.000000000000000000e+00
2.475344001000000205e+01 0.000000000000000000e+00
2.488880001000000419e+01 0.000000000000000000e+00
2.502416001000000279e+01 0.000000000000000000e+00
2.515952001000000138e+01 0.000000000000000000e+00
2.529488001000000352e+01 0.000000000000000000e+00
2.543024001000000212e+01 0.000000000000000000e+00
2.556560001000000426e+01 0.000000000000000000e+00
2.570096001000000285e+01 0.000000000000000000e+00
2.583632001000000145e+01 0.000000000000000000e+00
2.597168001000000359e+01 0.000000000000000000e+00
2.610704001000000218e+01 0.000000000000000000e+00
2.624240001000000433e+01 0.000000000000000000e+00
2.637776001000000292e+01 0.000000000000000000e+00
2.651312001000000151e+01 0.000000000000000000e+00
2.664848001000000366e+01 0.000000000000000000e+00
2.678384001000000225e+01 0.000000000000000000e+00
2.691920001000000440e+01 0.000000000000000000e+00
2.705456001000000299e+01 0.000000000000000000e+00
2.718992001000000158e+01 0.000000000000000000e+00
2.732528001000000373e+01 0.000000000000000000e+00
2.746064001000000232e+01 0.000000000000000000e+00
2.759600001000000447e+01 0.000000000000000000e+00
2.773136001000000306e+01 0.000000000000000000e+00
2.786672001000000165e+01 0.000000000000000000e+00
2.800208001000000380e+01 0.000000000000000000e+00
2.813744001000000239e+01 0.000000000000000000e+00
2.827280001000000453e+01 0.000000000000000000e+00
2.840816001000000313e+01 0.000000000000000000e+00
2.854352001000000172e+01 0.000000000000000000e+00
2.867888001000000386e+01 0.000000000000000000e+00
2.881424001000000246e+01 0.000000000000000000e+00
2.894960001000000460e+01 0.000000000000000000e+00
2.908496001000000319e+01 0.000000000000000000e+00
2.922032001000000179e+01 0.000000000000000000e+00
2.935568001000000393e+01 0.000000000000000000e+00
2.949104001000000252e+01 0.000000000000000000e+00
2.962640001000000467e+01 0.000000000000000000e+00
2.976176001000000326e+01 0.000000000000000000e+00
2.989712001000000186e+01 0.000000000000000000e+00
3.003248001000000400e+01 0.000000000000000000e+00
3.016784001000000259e+01 0.000000000000000000e+00
3.030320001000000474e+01 0.000000000000000000e+00
3.043856001000000333e+01 0.000000000000000000e+00
3.057392001000000192e+01 0.000000000000000000e+00
3.070928001000000407e+01 0.000000000000000000e+00
3.084464001000000266e+01 0.000000000000000000e+00
3.098000001000000481e+01 0.000000000000000000e+00
3.111536001000000340e+01 0.000000000000000000e+00
3.125072001000000199e+01 0.000000000000000000e+00
3.138608001000000058e+01 0.000000000000000000e+00
3.152144001000000628e+01 0.000000000000000000e+00
3.165680001000000487e+01 0.000000000000000000e+00
3.179216001000000347e+01 0.000000000000000000e+00
3.192752001000000206e+01 0.000000000000000000e+00
3.206288001000000065e+01 0.000000000000000000e+00
3.219824001000000635e+01 0.000000000000000000e+00
3.233360001000000494e+01 0.000000000000000000e+00
3.246896001000000354e+01 0.000000000000000000e+00
3.260432001000000213e+01 0.000000000000000000e+00
3.273968001000000072e+01 0.000000000000000000e+00
3.287504001000000642e+01 0.000000000000000000e+00
3.301040001000000501e+01 0.000000000000000000e+00
3.314576001000000360e+01 0.000000000000000000e+00
3.328112001000000220e+01 0.000000000000000000e+00
3.341648001000000079e+01 0.000000000000000000e+00
3.355184001000000649e+01 0.000000000000000000e+00
3.368720001000000508e+01 0.000000000000000000e+00
3.382256001000000367e+01 0.000000000000000000e+00
3.395792001000000226e+01 0.000000000000000000e+00
3.409328001000000086e+01 0.000000000000000000e+00
3.422864001000000655e+01 0.000000000000000000e+00
3.436400001000000515e+01 0.000000000000000000e+00
3.449936001000000374e+01 0.000000000000000000e+00
3.463472001000000233e+01 0.000000000000000000e+00
3.477008001000000093e+01 0.000000000000000000e+00
3.490544001000000662e+01 0.000000000000000000e+00
3.504080001000000522e+01 0.000000000000000000e+00
3.517616001000000381e+01 0.000000000000000000e+00
3.531152001000000240e+01 0.000000000000000000e+00
3.544688001000000099e+01 0.000000000000000000e+00
3.558224001000000669e+01 0.000000000000000000e+00
3.571760001000000528e+01 0.000000000000000000e+00
3.585296001000000388e+01 0.000000000000000000e+00
3.598832001000000247e+01 0.000000000000000000e+00
3.612368001000000106e+01 0.000000000000000000e+00
3.625904001000000676e+01 0.000000000000000000e+00
3.639440001000000535e+01 0.000000000000000000e+00
3.652976001000000394e+01 0.000000000000000000e+00
3.666512001000000254e+01 0.000000000000000000e+00
3.680048001000000113e+01 0.000000000000000000e+00
3.693584001000000683e+01 0.000000000000000000e+00
3.707120001000000542e+01 0.000000000000000000e+00
3.720656001000000401e+01 0.000000000000000000e+00
3.734192001000000261e+01 0.000000000000000000e+00
3.747728001000000120e+01 0.000000000000000000e+00
3.761264001000000690e+01 0.000000000000000000e+00
3.774800001000000549e+01 0.000000000000000000e+00
3.788336001000000408e+01 0.000000000000000000e+00
3.801872001000000267e+01 0.000000000000000000e+00
3.815408001000000127e+01 0.000000000000000000e+00
3.828944001000000696e+01 0.000000000000000000e+00
3.842480001000000556e+01 0.000000000000000000e+00
3.856016001000000415e+01 0.000000000000000000e+00
3.869552001000000274e+01 0.000000000000000000e+00
3.883088001000000133e+01 0.000000000000000000e+00
3.896624001000000703e+01 0.000000000000000000e+00
3.910160001000000562e+01 0.000000000000000000e+00
3.923696001000000422e+01 0.000000000000000000e+00
3.937232001000000281e+01 0.000000000000000000e+00
3.950768001000000140e+01 0.000000000000000000e+00
3.964304001000000710e+01 0.000000000000000000e+00
3.977840001000000569e+01 0.000000000000000000e+00
3.991376001000000429e+01 0.000000000000000000e+00
4.004912001000000288e+01 0.000000000000000000e+00
4.018448001000000147e+01 0.000000000000000000e+00
4.031984001000000717e+01 0.000000000000000000e+00
4.045520001000000576e+01 0.000000000000000000e+00
4.059056001000000435e+01 0.000000000000000000e+00
4.072592001000000295e+01 0.000000000000000000e+00
4.086128001000000154e+01 0.000000000000000000e+00
4.099664001000000724e+01 0.000000000000000000e+00
4.113200001000000583e+01 0.000000000000000000e+00
4.126736001000000442e+01 0.000000000000000000e+00
4.140272001000000301e+01 0.000000000000000000e+00
4.153808001000000161e+01 0.000000000000000000e+00
4.167344001000000731e+01 0.000000000000000000e+00
4.180880001000000590e+01 0.000000000000000000e+00
4.194416001000000449e+01 0.000000000000000000e+00
4.207952001000000308e+01 0.000000000000000000e+00
4.221488001000000168e+01 0.000000000000000000e+00
4.235024001000000737e+01 0.000000000000000000e+00
4.248560001000000597e+01 0.000000000000000000e+00
4.262096001000000456e+01 0.000000000000000000e+00
4.275632001000000315e+01 0.000000000000000000e+00
4.289168001000000174e+01 0.000000000000000000e+00
4.302704001000000744e+01 0.000000000000000000e+00
4.316240001000000603e+01 0.000000000000000000e+00
4.329776001000000463e+01 0.000000000000000000e+00
4.343312001000000322e+01 0.000000000000000000e+00
4.356848001000000181e+01 0.000000000000000000e+00
4.370384001000000751e+01 0.000000000000000000e+00
4.383920001000000610e+01 0.000000000000000000e+00
4.397456001000000470e+01 0.000000000000000000e+00
4.410992001000000329e+01 0.000000000000000000e+00
4.424528001000000188e+01 0.000000000000000000e+00
4.438064001000000758e+01 0.000000000000000000e+00
4.451600001000000617e+01 0.000000000000000000e+00
4.465136001000000476e+01 0.000000000000000000e+00
4.478672001000000336e+01 0.000000000000000000e+00
4.492208001000000195e+01 0.000000000000000000e+00
4.505744001000000765e+01 0.000000000000000000e+00
4.519280001000000624e+01 0.000000000000000000e+00
4.532816001000000483e+01 0.000000000000000000e+00
4.546352001000000342e+01 0.000000000000000000e+00
4.559888001000000202e+01 0.000000000000000000e+00
4.573424001000000771e+01 0.000000000000000000e+00
4.586960001000000631e+01 0.000000000000000000e+00
4.600496001000000490e+01 0.000000000000000000e+00
4.614032001000000349e+01 0.000000000000000000e+00
4.627568001000000208e+01 0.000000000000000000e+00
4.641104001000000778e+01 0.000000000000000000e+00
4.654640001000000638e+01 0.000000000000000000e+00
4.668176001000000497e+01 0.000000000000000000e+00
4.681712001000000356e+01 0.000000000000000000e+00
4.695248001000000215e+01 0.000000000000000000e+00
4.708784001000000785e+01 0.000000000000000000e+00
4.722320001000000644e+01 0.000000000000000000e+00
4.735856001000000504e+01 0.000000000000000000e+00
4.749392001000000363e+01 0.000000000000000000e+00
4.762928001000000222e+01 0.000000000000000000e+00
4.776464001000000792e+01 0.000000000000000000e+00
4.790000001000000651e+01 0.000000000000000000e+00
4.803536001000000510e+01 0.000000000000000000e+00
4.817072001000000370e+01 0.000000000000000000e+00
4.830608001000000229e+01 0.000000000000000000e+00
4.844144001000000799e+01 0.000000000000000000e+00
4.857680001000000658e+01 0.000000000000000000e+00
4.871216001000000517e+01 0.000000000000000000e+00
4.884752001000000377e+01 0.000000000000000000e+00
4.898288001000000236e+01 0.000000000000000000e+00
4.911824001000000806e+01 0.000000000000000000e+00
4.925360001000000665e+01 0.000000000000000000e+00
4.938896001000000524e+01 0.000000000000000000e+00
4.952432001000000383e+01 0.000000000000000000e+00
4.965968001000000243e+01 0.000000000000000000e+00
4.979504001000000812e+01 0.000000000000000000e+00
4.993040001000000672e+01 0.000000000000000000e+00
5.006576001000000531e+01 0.000000000000000000e+00
5.020112001000000390e+01 0.000000000000000000e+00
5.033648001000000249e+01 0.000000000000000000e+00
5.047184001000000819e+01 0.000000000000000000e+00
