   0.25  0.521  6.89E-01 2.76E+00 2.76E+00 1.07E-01 2.98E-01 4.24E-01 4.69E-01 4.40E-01 3.63E-01 2.68E-01 1.78E-01 1.08E-01 5.93E-02 2.99E-02 1.38E-02 5.84E-03 2.27E-03 8.11E-04 2.67E-04 8.08E-05 2.25E-05 5.79E-06 1.37E-06 2.99E-07 6.02E-08 1.12E-08 1.92E-09 3.03E-10 4.42E-11 5.96E-12 7.40E-13 8.50E-14 9.01E-15 
   0.50  0.156  2.97E+00 9.11E+00 9.11E+00 2.32E-01 6.61E-01 9.94E-01 1.19E+00 1.25E+00 1.18E+00 1.03E+00 8.28E-01 6.23E-01 4.39E-01 2.90E-01 1.81E-01 1.06E-01 5.89E-02 3.09E-02 1.53E-02 7.17E-03 3.18E-03 1.34E-03 5.31E-04 2.00E-04 7.16E-05 2.42E-05 7.79E-06 2.37E-06 6.85E-07 1.88E-07 4.88E-08 1.20E-08 2.81E-09 
   0.75  1.295  8.43E+00 2.19E+01 2.19E+01 4.48E-01 1.29E+00 1.98E+00 2.45E+00 2.67E+00 2.66E+00 2.45E+00 2.12E+00 1.73E+00 1.33E+00 9.75E-01 6.79E-01 4.50E-01 2.84E-01 1.72E-01 9.88E-02 5.44E-02 2.86E-02 1.44E-02 6.94E-03 3.20E-03 1.41E-03 5.97E-04 2.42E-04 9.37E-05 3.48E-05 1.24E-05 4.23E-06 1.38E-06 4.33E-07 
   1.00  0.391  1.84E+01 4.01E+01 4.01E+01 7.09E-01 2.05E+00 3.19E+00 4.01E+00 4.47E+00 4.58E+00 4.37E+00 3.93E+00 3.35E+00 2.72E+00 2.11E+00 1.56E+00 1.11E+00 7.54E-01 4.92E-01 3.09E-01 1.86E-01 1.08E-01 6.01E-02 3.22E-02 1.67E-02 8.28E-03 3.96E-03 1.83E-03 8.12E-04 3.47E-04 1.43E-04 5.69E-05 2.18E-05 8.05E-06 
   1.25  0.558  3.36E+01 6.06E+01 6.06E+01 9.58E-01 2.78E+00 4.35E+00 5.54E+00 6.28E+00 6.54E+00 6.39E+00 5.91E+00 5.19E+00 4.36E+00 3.51E+00 2.71E+00 2.01E+00 1.44E+00 9.90E-01 6.57E-01 4.21E-01 2.60E-01 1.55E-01 8.96E-02 4.99E-02 2.69E-02 1.40E-02 7.03E-03 3.42E-03 1.61E-03 7.33E-04 3.23E-04 1.37E-04 5.66E-05 
   1.50  0.611  5.80E+01 9.76E+01 9.76E+01 1.41E+00 4.11E+00 6.46E+00 8.29E+00 9.50E+00 1.00E+01 9.97E+00 9.39E+00 8.44E+00 7.27E+00 6.01E+00 4.79E+00 3.67E+00 2.72E+00 1.95E+00 1.35E+00 9.02E-01 5.84E-01 3.67E-01 2.23E-01 1.31E-01 7.48E-02 4.14E-02 2.22E-02 1.15E-02 5.81E-03 2.84E-03 1.35E-03 6.21E-04 2.77E-04 
   1.75  1.063  9.95E+01 1.66E+02 1.66E+02 2.22E+00 6.49E+00 1.02E+01 1.32E+01 1.53E+01 1.63E+01 1.64E+01 1.57E+01 1.44E+01 1.26E+01 1.07E+01 8.68E+00 6.84E+00 5.21E+00 3.84E+00 2.74E+00 1.90E+00 1.28E+00 8.33E-01 5.27E-01 3.24E-01 1.93E-01 1.12E-01 6.31E-02 3.45E-02 1.84E-02 9.49E-03 4.77E-03 2.33E-03 1.11E-03 
   2.00  0.300  1.92E+02 3.69E+02 3.69E+02 4.62E+00 1.35E+01 2.14E+01 2.78E+01 3.24E+01 3.49E+01 3.54E+01 3.43E+01 3.18E+01 2.83E+01 2.44E+01 2.02E+01 1.63E+01 1.27E+01 9.57E+00 7.02E+00 4.99E+00 3.46E+00 2.32E+00 1.52E+00 9.66E-01 5.97E-01 3.60E-01 2.11E-01 1.20E-01 6.67E-02 3.60E-02 1.90E-02 9.72E-03 4.85E-03 
   2.25  0.340  3.55E+02 6.52E+02 6.52E+02 7.71E+00 2.26E+01 3.59E+01 4.68E+01 5.47E+01 5.94E+01 6.09E+01 5.95E+01 5.58E+01 5.03E+01 4.39E+01 3.70E+01 3.03E+01 2.40E+01 1.85E+01 1.39E+01 1.01E+01 7.15E+00 4.93E+00 3.31E+00 2.17E+00 1.38E+00 8.58E-01 5.19E-01 3.06E-01 1.76E-01 9.88E-02 5.40E-02 2.88E-02 1.50E-02 
   2.50  0.685  6.34E+02 1.12E+03 1.12E+03 1.26E+01 3.68E+01 5.87E+01 7.68E+01 9.02E+01 9.85E+01 1.02E+02 1.00E+02 9.49E+01 8.66E+01 7.64E+01 6.53E+01 5.42E+01 4.37E+01 3.42E+01 2.61E+01 1.94E+01 1.40E+01 9.87E+00 6.78E+00 4.54E+00 2.97E+00 1.89E+00 1.18E+00 7.15E-01 4.24E-01 2.45E-01 1.39E-01 7.64E-02 4.11E-02 
   2.75  0.379  1.26E+03 2.52E+03 2.52E+03 2.70E+01 7.93E+01 1.27E+02 1.66E+02 1.96E+02 2.15E+02 2.23E+02 2.22E+02 2.12E+02 1.95E+02 1.74E+02 1.50E+02 1.26E+02 1.03E+02 8.19E+01 6.35E+01 4.79E+01 3.52E+01 2.53E+01 1.77E+01 1.21E+01 8.10E+00 5.28E+00 3.36E+00 2.09E+00 1.27E+00 7.57E-01 4.40E-01 2.50E-01 1.38E-01 
   3.00  0.356  2.52E+03 5.04E+03 5.04E+03 5.17E+01 1.52E+02 2.43E+02 3.20E+02 3.79E+02 4.18E+02 4.36E+02 4.36E+02 4.19E+02 3.89E+02 3.50E+02 3.06E+02 2.59E+02 2.14E+02 1.73E+02 1.35E+02 1.04E+02 7.75E+01 5.65E+01 4.03E+01 2.81E+01 1.91E+01 1.27E+01 8.26E+00 5.25E+00 3.27E+00 1.99E+00 1.18E+00 6.88E-01 3.92E-01 
   3.25  0.377  4.99E+03 9.87E+03 9.87E+03 9.75E+01 2.87E+02 4.59E+02 6.06E+02 7.20E+02 7.97E+02 8.36E+02 8.40E+02 8.13E+02 7.60E+02 6.89E+02 6.07E+02 5.20E+02 4.34E+02 3.53E+02 2.81E+02 2.18E+02 1.65E+02 1.22E+02 8.83E+01 6.25E+01 4.32E+01 2.93E+01 1.94E+01 1.26E+01 7.97E+00 4.95E+00 3.01E+00 1.79E+00 1.04E+00 
   3.50  0.384  9.58E+03 1.84E+04 1.84E+04 1.75E+02 5.15E+02 8.26E+02 1.09E+03 1.30E+03 1.45E+03 1.52E+03 1.54E+03 1.50E+03 1.41E+03 1.29E+03 1.14E+03 9.86E+02 8.31E+02 6.83E+02 5.48E+02 4.30E+02 3.30E+02 2.47E+02 1.81E+02 1.30E+02 9.13E+01 6.28E+01 4.22E+01 2.78E+01 1.80E+01 1.14E+01 7.05E+00 4.28E+00 2.55E+00 
   3.75  0.405  1.81E+04 3.39E+04 3.39E+04 3.13E+02 9.20E+02 1.48E+03 1.96E+03 2.34E+03 2.61E+03 2.76E+03 2.80E+03 2.73E+03 2.59E+03 2.38E+03 2.13E+03 1.85E+03 1.57E+03 1.30E+03 1.06E+03 8.37E+02 6.49E+02 4.92E+02 3.65E+02 2.65E+02 1.89E+02 1.32E+02 8.99E+01 6.02E+01 3.95E+01 2.54E+01 1.60E+01 9.89E+00 5.99E+00 
   4.00  0.405  3.38E+04 6.31E+04 6.31E+04 5.63E+02 1.66E+03 2.67E+03 3.54E+03 4.24E+03 4.74E+03 5.03E+03 5.12E+03 5.03E+03 4.79E+03 4.42E+03 3.98E+03 3.49E+03 2.99E+03 2.50E+03 2.04E+03 1.63E+03 1.28E+03 9.78E+02 7.34E+02 5.39E+02 3.89E+02 2.74E+02 1.90E+02 1.29E+02 8.58E+01 5.60E+01 3.58E+01 2.25E+01 1.39E+01 
   4.25  0.405  6.30E+04 1.17E+05 1.17E+05 1.01E+03 2.98E+03 4.80E+03 6.37E+03 7.64E+03 8.57E+03 9.12E+03 9.32E+03 9.19E+03 8.79E+03 8.16E+03 7.39E+03 6.52E+03 5.62E+03 4.73E+03 3.90E+03 3.14E+03 2.48E+03 1.92E+03 1.45E+03 1.08E+03 7.86E+02 5.62E+02 3.93E+02 2.70E+02 1.82E+02 1.21E+02 7.83E+01 4.99E+01 3.12E+01 
   4.50  0.405  1.17E+05 2.17E+05 2.17E+05 1.83E+03 5.39E+03 8.69E+03 1.16E+04 1.39E+04 1.56E+04 1.67E+04 1.71E+04 1.69E+04 1.62E+04 1.52E+04 1.38E+04 1.22E+04 1.06E+04 9.00E+03 7.47E+03 6.07E+03 4.83E+03 3.77E+03 2.88E+03 2.16E+03 1.59E+03 1.15E+03 8.12E+02 5.65E+02 3.85E+02 2.58E+02 1.70E+02 1.10E+02 6.96E+01 
   4.75  0.405  2.17E+05 4.01E+05 4.01E+05 3.29E+03 9.71E+03 1.57E+04 2.09E+04 2.51E+04 2.83E+04 3.03E+04 3.11E+04 3.09E+04 2.98E+04 2.80E+04 2.55E+04 2.28E+04 1.99E+04 1.70E+04 1.42E+04 1.16E+04 9.30E+03 7.31E+03 5.64E+03 4.26E+03 3.17E+03 2.31E+03 1.65E+03 1.16E+03 8.00E+02 5.42E+02 3.61E+02 2.36E+02 1.52E+02 
   5.00  0.405  4.04E+05 7.46E+05 7.46E+05 5.97E+03 1.76E+04 2.84E+04 3.79E+04 4.57E+04 5.16E+04 5.54E+04 5.71E+04 5.69E+04 5.51E+04 5.19E+04 4.76E+04 4.27E+04 3.74E+04 3.21E+04 2.70E+04 2.22E+04 1.80E+04 1.42E+04 1.10E+04 8.43E+03 6.31E+03 4.64E+03 3.35E+03 2.38E+03 1.66E+03 1.14E+03 7.64E+02 5.05E+02 3.28E+02 
   5.50  0.405  1.69E+06 2.56E+06 2.56E+06 1.96E+04 5.78E+04 9.35E+04 1.25E+05 1.51E+05 1.71E+05 1.85E+05 1.91E+05 1.92E+05 1.87E+05 1.77E+05 1.64E+05 1.48E+05 1.31E+05 1.14E+05 9.67E+04 8.05E+04 6.59E+04 5.28E+04 4.16E+04 3.22E+04 2.45E+04 1.83E+04 1.35E+04 9.71E+03 6.90E+03 4.81E+03 3.30E+03 2.23E+03 1.48E+03 
   6.00  0.405  6.09E+06 8.81E+06 8.81E+06 6.45E+04 1.91E+05 3.09E+05 4.13E+05 5.01E+05 5.69E+05 6.16E+05 6.41E+05 6.46E+05 6.33E+05 6.04E+05 5.63E+05 5.13E+05 4.58E+05 4.01E+05 3.44E+05 2.89E+05 2.39E+05 1.94E+05 1.55E+05 1.21E+05 9.36E+04 7.09E+04 5.28E+04 3.87E+04 2.79E+04 1.98E+04 1.38E+04 9.52E+03 6.44E+03 
   6.50  0.405  2.12E+07 3.03E+07 3.03E+07 2.13E+05 6.30E+05 1.02E+06 1.37E+06 1.67E+06 1.90E+06 2.06E+06 2.15E+06 2.18E+06 2.15E+06 2.06E+06 1.93E+06 1.77E+06 1.59E+06 1.41E+06 1.22E+06 1.03E+06 8.62E+05 7.07E+05 5.70E+05 4.52E+05 3.52E+05 2.70E+05 2.04E+05 1.52E+05 1.11E+05 7.99E+04 5.66E+04 3.95E+04 2.72E+04 
   7.00  0.405  7.32E+07 1.04E+08 1.04E+08 7.06E+05 2.09E+06 3.39E+06 4.56E+06 5.55E+06 6.34E+06 6.90E+06 7.24E+06 7.36E+06 7.28E+06 7.02E+06 6.62E+06 6.11E+06 5.53E+06 4.91E+06 4.28E+06 3.66E+06 3.08E+06 2.55E+06 2.08E+06 1.66E+06 1.31E+06 1.02E+06 7.77E+05 5.84E+05 4.33E+05 3.16E+05 2.27E+05 1.61E+05 1.12E+05 
   7.50  0.405  2.52E+08 3.58E+08 3.58E+08 2.35E+06 6.95E+06 1.13E+07 1.52E+07 1.85E+07 2.12E+07 2.32E+07 2.44E+07 2.49E+07 2.47E+07 2.39E+07 2.27E+07 2.10E+07 1.91E+07 1.71E+07 1.50E+07 1.29E+07 1.10E+07 9.16E+06 7.52E+06 6.08E+06 4.84E+06 3.79E+06 2.92E+06 2.22E+06 1.67E+06 1.23E+06 8.95E+05 6.42E+05 4.54E+05 
   8.00  0.405  8.66E+08 1.23E+09 1.23E+09 7.82E+06 2.32E+07 3.76E+07 5.07E+07 6.19E+07 7.10E+07 7.78E+07 8.21E+07 8.40E+07 8.37E+07 8.14E+07 7.75E+07 7.23E+07 6.62E+07 5.95E+07 5.25E+07 4.56E+07 3.89E+07 3.27E+07 2.71E+07 2.21E+07 1.77E+07 1.40E+07 1.09E+07 8.37E+06 6.34E+06 4.73E+06 3.48E+06 2.52E+06 1.80E+06 
   8.50  0.405  2.98E+09 4.22E+09 4.22E+09 2.61E+07 7.73E+07 1.26E+08 1.70E+08 2.07E+08 2.38E+08 2.62E+08 2.77E+08 2.84E+08 2.84E+08 2.77E+08 2.65E+08 2.48E+08 2.28E+08 2.06E+08 1.83E+08 1.60E+08 1.38E+08 1.16E+08 9.70E+07 7.96E+07 6.44E+07 5.13E+07 4.03E+07 3.12E+07 2.39E+07 1.80E+07 1.34E+07 9.79E+06 7.08E+06 
   9.00  0.405  1.02E+10 1.45E+10 1.45E+10 8.72E+07 2.58E+08 4.20E+08 5.68E+08 6.96E+08 8.01E+08 8.80E+08 9.34E+08 9.61E+08 9.64E+08 9.45E+08 9.06E+08 8.53E+08 7.88E+08 7.15E+08 6.38E+08 5.60E+08 4.84E+08 4.12E+08 3.46E+08 2.86E+08 2.33E+08 1.87E+08 1.48E+08 1.16E+08 8.91E+07 6.77E+07 5.08E+07 3.76E+07 2.75E+07 
   9.50  0.405  3.52E+10 4.99E+10 4.99E+10 2.92E+08 8.65E+08 1.41E+09 1.90E+09 2.34E+09 2.69E+09 2.97E+09 3.15E+09 3.25E+09 3.27E+09 3.22E+09 3.10E+09 2.93E+09 2.71E+09 2.47E+09 2.22E+09 1.96E+09 1.70E+09 1.46E+09 1.23E+09 1.02E+09 8.38E+08 6.78E+08 5.41E+08 4.26E+08 3.30E+08 2.53E+08 1.92E+08 1.43E+08 1.05E+08 
  10.00  0.405  1.21E+11 1.71E+11 1.71E+11 9.78E+08 2.90E+09 4.73E+09 6.39E+09 7.85E+09 9.06E+09 1.00E+10 1.07E+10 1.10E+10 1.11E+10 1.10E+10 1.06E+10 1.00E+10 9.34E+09 8.55E+09 7.70E+09 6.82E+09 5.96E+09 5.13E+09 4.35E+09 3.64E+09 3.00E+09 2.44E+09 1.96E+09 1.56E+09 1.22E+09 9.40E+08 7.17E+08 5.39E+08 4.01E+08 
  11.00  0.405  2.15E+12 2.03E+12 2.03E+12 1.10E+10 3.27E+10 5.34E+10 7.23E+10 8.90E+10 1.03E+11 1.14E+11 1.22E+11 1.27E+11 1.28E+11 1.27E+11 1.23E+11 1.18E+11 1.10E+11 1.02E+11 9.24E+10 8.26E+10 7.28E+10 6.32E+10 5.42E+10 4.58E+10 3.82E+10 3.15E+10 2.56E+10 2.05E+10 1.63E+10 1.27E+10 9.84E+09 7.51E+09 5.67E+09 
  12.00  0.405  2.61E+13 2.39E+13 2.39E+13 1.25E+11 3.71E+11 6.05E+11 8.21E+11 1.01E+12 1.17E+12 1.30E+12 1.40E+12 1.46E+12 1.48E+12 1.48E+12 1.44E+12 1.38E+12 1.30E+12 1.21E+12 1.10E+12 9.95E+11 8.83E+11 7.74E+11 6.69E+11 5.70E+11 4.80E+11 3.99E+11 3.28E+11 2.66E+11 2.13E+11 1.69E+11 1.32E+11 1.02E+11 7.82E+10 
  13.00  0.405  3.09E+14 2.83E+14 2.83E+14 1.42E+12 4.21E+12 6.88E+12 9.34E+12 1.15E+13 1.34E+13 1.49E+13 1.60E+13 1.68E+13 1.71E+13 1.71E+13 1.68E+13 1.62E+13 1.53E+13 1.43E+13 1.32E+13 1.19E+13 1.07E+13 9.41E+12 8.20E+12 7.05E+12 5.99E+12 5.02E+12 4.16E+12 3.41E+12 2.76E+12 2.21E+12 1.75E+12 1.37E+12 1.06E+12 
  14.00  0.405  3.65E+15 3.34E+15 3.34E+15 1.61E+13 4.80E+13 7.84E+13 1.07E+14 1.32E+14 1.54E+14 1.71E+14 1.85E+14 1.94E+14 1.98E+14 1.99E+14 1.96E+14 1.90E+14 1.81E+14 1.69E+14 1.57E+14 1.43E+14 1.28E+14 1.14E+14 1.00E+14 8.66E+13 7.41E+13 6.27E+13 5.24E+13 4.33E+13 3.54E+13 2.86E+13 2.28E+13 1.80E+13 1.41E+13 
  15.00  0.405  4.31E+16 3.94E+16 3.94E+16 1.84E+14 5.48E+14 8.96E+14 1.22E+15 1.51E+15 1.76E+15 1.97E+15 2.13E+15 2.24E+15 2.30E+15 2.31E+15 2.29E+15 2.22E+15 2.12E+15 2.00E+15 1.86E+15 1.70E+15 1.54E+15 1.38E+15 1.21E+15 1.06E+15 9.12E+14 7.76E+14 6.54E+14 5.44E+14 4.48E+14 3.65E+14 2.94E+14 2.35E+14 1.85E+14 
  16.00  0.405  5.09E+17 4.66E+17 4.66E+17 2.11E+15 6.27E+15 1.03E+16 1.40E+16 1.73E+16 2.03E+16 2.27E+16 2.46E+16 2.59E+16 2.67E+16 2.69E+16 2.67E+16 2.60E+16 2.50E+16 2.36E+16 2.20E+16 2.03E+16 1.84E+16 1.66E+16 1.47E+16 1.29E+16 1.12E+16 9.57E+15 8.11E+15 6.80E+15 5.64E+15 4.63E+15 3.76E+15 3.02E+15 2.41E+15 
  17.00  0.405  6.01E+18 5.50E+18 5.50E+18 2.42E+16 7.19E+16 1.18E+17 1.61E+17 1.99E+17 2.33E+17 2.61E+17 2.84E+17 3.00E+17 3.09E+17 3.13E+17 3.11E+17 3.04E+17 2.93E+17 2.78E+17 2.61E+17 2.41E+17 2.20E+17 1.99E+17 1.77E+17 1.56E+17 1.36E+17 1.17E+17 1.00E+17 8.45E+16 7.05E+16 5.83E+16 4.77E+16 3.86E+16 3.10E+16 
  18.00  0.405  7.10E+19 6.50E+19 6.50E+19 2.78E+17 8.27E+17 1.35E+18 1.85E+18 2.30E+18 2.69E+18 3.02E+18 3.28E+18 3.47E+18 3.59E+18 3.64E+18 3.63E+18 3.56E+18 3.44E+18 3.28E+18 3.08E+18 2.86E+18 2.62E+18 2.38E+18 2.13E+18 1.89E+18 1.65E+18 1.43E+18 1.23E+18 1.04E+18 8.77E+17 7.29E+17 6.01E+17 4.90E+17 3.96E+17 
  19.00  0.405  8.39E+20 7.68E+20 7.68E+20 3.20E+18 9.51E+18 1.56E+19 2.13E+19 2.65E+19 3.10E+19 3.49E+19 3.80E+19 4.03E+19 4.17E+19 4.24E+19 4.24E+19 4.17E+19 4.04E+19 3.86E+19 3.64E+19 3.39E+19 3.12E+19 2.84E+19 2.56E+19 2.28E+19 2.00E+19 1.75E+19 1.50E+19 1.28E+19 1.09E+19 9.08E+18 7.52E+18 6.17E+18 5.02E+18 
  20.00  0.405  9.91E+21 9.07E+21 9.07E+21 3.68E+19 1.10E+20 1.80E+20 2.45E+20 3.05E+20 3.59E+20 4.04E+20 4.40E+20 4.67E+20 4.85E+20 4.94E+20 4.95E+20 4.88E+20 4.74E+20 4.55E+20 4.30E+20 4.02E+20 3.71E+20 3.39E+20 3.06E+20 2.74E+20 2.42E+20 2.12E+20 1.84E+20 1.57E+20 1.34E+20 1.12E+20 9.37E+19 7.74E+19 6.33E+19 
  22.50  0.405  1.09E+25 4.35E+24 4.35E+24 1.67E+22 4.96E+22 8.14E+22 1.11E+23 1.39E+23 1.63E+23 1.84E+23 2.02E+23 2.15E+23 2.24E+23 2.29E+23 2.31E+23 2.29E+23 2.24E+23 2.16E+23 2.06E+23 1.94E+23 1.80E+23 1.66E+23 1.51E+23 1.36E+23 1.22E+23 1.08E+23 9.42E+22 8.17E+22 7.02E+22 5.98E+22 5.04E+22 4.22E+22 3.49E+22 
  25.00  0.405  5.22E+27 2.09E+27 2.09E+27 7.59E+24 2.26E+25 3.71E+25 5.08E+25 6.35E+25 7.48E+25 8.46E+25 9.28E+25 9.92E+25 1.04E+26 1.07E+26 1.08E+26 1.07E+26 1.06E+26 1.02E+26 9.81E+25 9.30E+25 8.71E+25 8.08E+25 7.41E+25 6.74E+25 6.06E+25 5.41E+25 4.78E+25 4.18E+25 3.63E+25 3.12E+25 2.66E+25 2.25E+25 1.88E+25 
