Response function created for file:FOExEg.m at 10-Dec-18 21:47:13
Calibration (a0,a1)=     0.0   26.000  FWHM=    3.0

 Egam(keV) FWHM(keV) EffTot  Photo  Compton Single  Double   Annih
   156.0      30.2   1.172  0.4465  0.5535  0.0000  0.0000  0.0000
   312.0      39.4   1.157  0.3976  0.6024  0.0000  0.0000  0.0000
   468.0      36.8   1.135  0.3428  0.6572  0.0000  0.0000  0.0000
   624.0      36.3   1.105  0.3199  0.6801  0.0000  0.0000  0.0000
   780.0      36.9   1.077  0.3110  0.6890  0.0000  0.0000  0.0000
   936.0      37.8   1.052  0.2986  0.7014  0.0000  0.0000  0.0000
  1092.0      38.6   1.029  0.2920  0.7077  0.0002  0.0000  0.0001
  1248.0      39.5   1.009  0.2834  0.7154  0.0007  0.0001  0.0004
  1404.0      40.5   0.993  0.2779  0.7190  0.0018  0.0004  0.0009
  1560.0      41.9   0.977  0.2720  0.7217  0.0038  0.0007  0.0018
  1716.0      43.2   0.965  0.2618  0.7280  0.0063  0.0010  0.0030
  1872.0      44.6   0.955  0.2543  0.7309  0.0091  0.0015  0.0043
  2028.0      46.0   0.946  0.2487  0.7314  0.0121  0.0020  0.0058
  2184.0      47.5   0.938  0.2398  0.7350  0.0151  0.0026  0.0076
  2340.0      49.2   0.934  0.2329  0.7365  0.0186  0.0028  0.0092
  2496.0      50.8   0.932  0.2257  0.7381  0.0218  0.0033  0.0110
  2652.0      52.5   0.928  0.2199  0.7383  0.0250  0.0039  0.0129
  2808.0      54.2   0.924  0.2139  0.7392  0.0281  0.0044  0.0144
  2964.0      56.1   0.921  0.2059  0.7427  0.0309  0.0048  0.0158
  3120.0      57.9   0.920  0.2010  0.7424  0.0338  0.0052  0.0175
  3276.0      59.8   0.921  0.1955  0.7432  0.0365  0.0056  0.0192
  3432.0      61.6   0.922  0.1911  0.7431  0.0391  0.0060  0.0208
  3588.0      63.6   0.923  0.1857  0.7457  0.0408  0.0061  0.0217
  3744.0      65.5   0.922  0.1801  0.7466  0.0434  0.0062  0.0236
  3900.0      67.5   0.923  0.1762  0.7458  0.0460  0.0068  0.0252
  4056.0      69.5   0.924  0.1724  0.7456  0.0482  0.0073  0.0265
  4212.0      71.5   0.927  0.1668  0.7484  0.0494  0.0075  0.0279
  4368.0      73.5   0.929  0.1617  0.7497  0.0518  0.0076  0.0292
  4524.0      75.6   0.932  0.1582  0.7511  0.0532  0.0074  0.0300
  4680.0      77.6   0.935  0.1554  0.7515  0.0546  0.0074  0.0312
  4836.0      79.7   0.937  0.1514  0.7533  0.0557  0.0075  0.0321
  4992.0      81.8   0.940  0.1471  0.7570  0.0563  0.0078  0.0318
  5148.0      83.9   0.944  0.1435  0.7583  0.0572  0.0076  0.0333
  5304.0      86.0   0.949  0.1396  0.7591  0.0585  0.0079  0.0349
  5460.0      88.1   0.952  0.1363  0.7598  0.0595  0.0083  0.0361
  5616.0      90.2   0.951  0.1341  0.7610  0.0595  0.0083  0.0370
  5772.0      92.4   0.954  0.1293  0.7657  0.0597  0.0082  0.0371
  5928.0      94.5   0.957  0.1273  0.7670  0.0604  0.0084  0.0370
  6084.0      96.7   0.962  0.1254  0.7677  0.0606  0.0084  0.0379
  6240.0      98.8   0.967  0.1223  0.7702  0.0601  0.0082  0.0392
  6396.0     101.0   0.969  0.1195  0.7716  0.0605  0.0088  0.0397
  6552.0     103.2   0.974  0.1166  0.7740  0.0608  0.0086  0.0400
  6708.0     105.4   0.976  0.1143  0.7757  0.0611  0.0085  0.0404
  6864.0     107.5   0.979  0.1121  0.7777  0.0609  0.0083  0.0409
  7020.0     109.7   0.983  0.1103  0.7793  0.0608  0.0079  0.0417
  7176.0     111.9   0.985  0.1075  0.7811  0.0608  0.0082  0.0424
  7332.0     114.1   0.992  0.1054  0.7853  0.0600  0.0077  0.0416
  7488.0     116.3   0.997  0.1034  0.7870  0.0600  0.0076  0.0419
  7644.0     118.5   1.000  0.1011  0.7880  0.0601  0.0078  0.0430
 Details on efficiency up to 1000 keV:
    Egam  EffTot  EffExp  EffTot*EffExp
=======================================
     0.0   1.188   0.000   0.000
    26.0   1.185   0.000   0.000
    52.0   1.183   0.000   0.000
    78.0   1.180   0.000   0.000
   104.0   1.178   0.000   0.000
   130.0   1.175   0.008   0.009
   156.0   1.172   0.033   0.039
   182.0   1.170   0.059   0.069
   208.0   1.167   0.216   0.252
   234.0   1.164   0.378   0.440
   260.0   1.162   0.491   0.571
   286.0   1.159   0.574   0.666
   312.0   1.157   0.697   0.806
   338.0   1.154   0.838   0.967
   364.0   1.151   0.881   1.014
   390.0   1.149   0.895   1.028
   416.0   1.145   0.910   1.041
   442.0   1.140   0.924   1.053
   468.0   1.135   0.938   1.065
   494.0   1.130   0.953   1.076
   520.0   1.125   0.967   1.088
   546.0   1.120   0.981   1.099
   572.0   1.115   0.990   1.104
   598.0   1.110   0.992   1.101
   624.0   1.105   0.993   1.097
   650.0   1.101   0.994   1.094
   676.0   1.096   0.995   1.091
   702.0   1.091   0.996   1.087
   728.0   1.087   0.998   1.084
   754.0   1.082   0.999   1.081
   780.0   1.077   1.000   1.077
   806.0   1.073   1.000   1.073
   832.0   1.069   1.000   1.069
   858.0   1.065   1.000   1.065
   884.0   1.061   1.000   1.061
   910.0   1.056   1.000   1.056
   936.0   1.052   1.000   1.052
   962.0   1.048   1.000   1.048
   988.0   1.044   1.000   1.044
