7.8  1.908    0.801532  0.115397    5.30208  13.6563    2.3781  14.0485    17.2867  18.6578    1.56915  15.565    2.54837  6.14885    0.23657  2.04856    0.0468047  0.36126    0.0435929  0.262063    0.00571756  0.30541  30.2186  71.1692  101.388
7.9  1.80842    0.854935  0.137614    5.97681  15.447    2.55589  15.2987    20.5931  21.8696    1.56449  15.0982    2.81636  5.94247    0.239107  1.77598    0.0490138  0.330748    0.0452407  0.325709    0.00592892  0.325988  34.7009  76.552  111.253
8  1.70884    0.909572  0.163459    6.73934  17.499    2.73392  16.4147    24.5129  25.5365    1.55144  14.4808    3.11198  5.57776    0.241127  1.46227    0.0511952  0.331359    0.0467361  0.385835    0.00613046  0.331389  39.9044  82.183  122.087
8.1  1.60926    0.965642  0.192556    7.60369  19.8578    2.90861  17.322    29.1119  29.5497    1.53107  13.7087    3.43828  5.03976    0.242602  1.14328    0.0533326  0.364383    0.0480704  0.433097    0.00632061  0.320759  45.9095  87.932  133.841
8.2  1.50968    1.02348  0.223369    8.58623  22.5677    3.07553  17.9483    34.4243  33.6879    1.5047  12.7577    3.80279  4.33815    0.243536  0.859528    0.055437  0.422478    0.0492221  0.45928    0.00649996  0.295217  52.7718  93.5596  146.331
8.3  1.4101    1.08299  0.253936    9.70226  25.6459    3.23005  18.2489    40.3372  37.4674    1.47387  11.5931    4.20551  3.51453    0.243979  0.646898    0.0574923  0.490465    0.0502052  0.459105    0.0066683  0.25765  60.3902  98.578  158.968
8.4  1.31052    1.14424  0.281196    10.969  29.0775    3.36876  18.2006    46.5252  40.2097    1.44043  10.1856    4.64875  2.6433    0.244003  0.526407    0.0595077  0.548641    0.0510261  0.43145    0.00682685  0.212282  68.4577  102.317  170.774
8.5  1.21094    1.20542  0.301677    12.3986  32.8428    3.48274  17.8082    52.3696  41.1961    1.40417  8.53703    5.13797  1.8216    0.243488  0.496436    0.0614582  0.577922    0.0516766  0.379681    0.00697302  0.164044  76.3622  104.126  180.488
8.6  1.11136    1.26564  0.312614    14.0073  36.8402    3.56969  17.1021    56.8568  39.7755    1.36678  6.7062    5.67339  1.14806    0.242533  0.531003    0.0633651  0.565362    0.0521552  0.311023    0.00710847  0.117835  83.1048  103.41  186.515
8.7  1.01178    1.32278  0.312935    15.8095  40.9321    3.62629  16.1227    58.8749  35.8007    1.32885  4.82239    6.25204  0.693703    0.241137  0.586325    0.065222  0.508249    0.0524731  0.235096    0.00723246  0.0777315  87.5804  100.092  187.672
8.8  0.912202    1.3751  0.30413    17.8268  44.9171    3.65326  14.9005    57.7394  29.7579    1.29171  3.07435    6.86164  0.474981    0.239463  0.614984    0.0670603  0.415241    0.0526513  0.161916    0.00734864  0.0463345  89.1144  94.6674  183.782
8.9  0.812622    1.41846  0.289968    20.0798  48.6352    3.64587  13.4353    53.6838  22.6604    1.25414  1.66593    7.49428  0.44198    0.237313  0.583305    0.0688301  0.303875    0.0526688  0.0997872    0.00745107  0.0244166  87.9426  88.1402  176.083
9  0.713042    1.45223  0.275257    22.6149  51.8218    3.61197  11.6973    47.6981  15.5844    1.2179  0.743714    8.12191  0.493073    0.234885  0.484766    0.0705803  0.195061    0.0525507  0.0536132    0.00754421  0.0110339  85.0826  81.36  166.443
9.1  0.613462    1.47377  0.263928    25.4895  54.2684    3.55057  9.65787    41.0463  9.47117    1.18223  0.323215    8.71489  0.517163    0.232138  0.342319    0.072285  0.106403    0.0523008  0.0241614    0.00762685  0.00409212  81.8216  74.9787  156.8
9.2  0.513883    1.48495  0.256436    28.7721  55.5559    3.4703  7.35311    34.6416  4.91698    1.14824  0.260022    9.23055  0.447238    0.229113  0.196763    0.0739789  0.0469027    0.0519089  0.00860454    0.00769955  0.0011647  79.1104  69.0431  148.154
9.3  0.414303    1.48743  0.251605    32.4842  55.0013    3.3696  4.96768    29.0257  2.1147    1.11533  0.309563    9.62258  0.294246    0.225818  0.0857024    0.0756323  0.0153473    0.0514082  0.00219405    0.00776287  0.000227825  77.4655  63.0426  140.508
9.4  0.314723    1.48888  0.251152    36.3936  51.0918    3.25383  2.84119    24.3608  0.783695    1.08437  0.272155    9.84246  0.131642    0.222297  0.0247332    0.0772603  0.00318377    0.0508022  0.000334286    0.00781703  2.50242e-05  76.7821  55.3999  132.182
9.5  0.215144    1.49814  0.267216    39.3511  41.2851    3.11929  1.30891    20.5605  0.296304    1.05393  0.130109    9.86519  0.0313555    0.218404  0.00352018    0.0788409  0.000296908    0.0500719  2.05784e-05    0.00785876  9.9699e-07  75.8034  43.3228  119.126
9.6  0.115564    1.53246  0.31255    38.4487  23.1372    2.97881  0.413514    17.5353  0.0788498    1.02513  0.0188215    9.66869  0.00190034    0.214367  0.000102675    0.0804313  4.50458e-06    0.0492631  1.61556e-07    0.00789408  3.97225e-09  71.5411  23.9629  95.504
9.7  0.015984    1.60856  0.230457    29.5386  1.61833    2.85008  0.00627952    15.1079  0.00021135    0.996705  5.58809e-06    9.2761  6.37961e-08    0.210102  4.36397e-10    0.0819985  2.58379e-12    0.0483738  1.23091e-14    0.0079201  3.9483e-17  59.7264  1.85528  61.5816
9.8  -0.0835957    1.47079  0    20.2759  0    2.76545  0    13.1857  0    0.97081  0    8.76777  0    0.205937  0    0.0837789  0    0.0475233  0    0.00794295  0  47.7816  0  47.7816
9.9  -0.183175    1.43019  0    15.7054  0    2.6907  0    11.5166  0    0.942573  0    8.10102  0    0.20119  0    0.085331  0    0.0464647  0    0.00794861  0  40.7275  0  40.7275
10  -0.282755    1.40515  0    12.7257  0    2.62563  0    10.101  0    0.914038  0    7.37129  0    0.196126  0    0.0868583  0    0.0453143  0    0.00794029  0  35.479  0  35.479
10.1  -0.382335    1.38629  0    10.599  0    2.56753  0    8.905  0    0.885821  0    6.63383  0    0.19093  0    0.0883826  0    0.0441224  0    0.007924  0  31.3088  0  31.3088
10.2  -0.481915    1.36961  0    8.97419  0    2.51225  0    7.86929  0    0.857007  0    5.9109  0    0.185421  0    0.0898889  0    0.0428468  0    0.00789301  0  27.8193  0  27.8193
10.3  -0.581494    1.35519  0    7.69773  0    2.46159  0    6.97635  0    0.828538  0    5.23171  0    0.179777  0    0.0914265  0    0.0415338  0    0.00785321  0  24.8717  0  24.8717
10.4  -0.681074    1.3412  0    6.66207  0    2.41255  0    6.19616  0    0.799648  0    4.60709  0    0.173834  0    0.0929341  0    0.0401476  0    0.00779668  0  22.3334  0  22.3334
10.5  -0.780654    1.32716  0    5.80354  0    2.36406  0    5.51052  0    0.770302  0    4.04277  0    0.167628  0    0.0944163  0    0.0387067  0    0.00772443  0  20.1268  0  20.1268
10.6  -0.880234    1.31336  0    5.08091  0    2.31655  0    4.90555  0    0.740757  0    3.53818  0    0.161225  0    0.0959229  0    0.0372249  0    0.0076387  0  18.1973  0  18.1973
10.7  -0.979813    1.2989  0    4.46038  0    2.26812  0    4.36519  0    0.71045  0    3.08834  0    0.154509  0    0.0974142  0    0.035682  0    0.00753319  0  16.4865  0  16.4865
10.8  -1.07939    1.28384  0    3.92548  0    2.21872  0    3.88451  0    0.679689  0    2.69312  0    0.147597  0    0.0988986  0    0.0341131  0    0.00741191  0  14.9734  0  14.9734
10.9  -1.17897    1.26955  0    3.46195  0    2.17087  0    3.45627  0    0.649012  0    2.34628  0    0.140542  0    0.100459  0    0.0325244  0    0.00727598  0  13.6347  0  13.6347
11  -1.27855    1.25318  0    3.04933  0    2.11841  0    3.06686  0    0.61697  0    2.03911  0    0.133178  0    0.102016  0    0.0308918  0    0.00711691  0  12.4171  0  12.4171
11.1  -1.37813    1.23735  0    2.68607  0    2.06605  0    2.7177  0    0.584903  0    1.77051  0    0.125759  0    0.103742  0    0.0292702  0    0.00694549  0  11.3283  0  11.3283
11.2  -1.47771    1.22137  0    2.36359  0    2.01242  0    2.403  0    0.552523  0    1.53561  0    0.118253  0    0.105617  0    0.0276558  0    0.00675802  0  10.3468  0  10.3468
11.3  -1.57729    1.2074  0    2.07914  0    1.96088  0    2.12197  0    0.520761  0    1.3316  0    0.110873  0    0.107879  0    0.0260915  0    0.00656451  0  9.47316  0  9.47316
11.4  -1.67687    1.19814  0    1.83059  0    1.91597  0    1.87352  0    0.490601  0    1.15576  0    0.103773  0    0.110777  0    0.0246039  0    0.00637159  0  8.71011  0  8.71011
11.5  -1.77645    1.19097  0    1.61011  0    1.87237  0    1.65184  0    0.461089  0    1.00377  0    0.0968956  0    0.114301  0    0.0231846  0    0.00617538  0  8.03071  0  8.03071
11.6  -1.87603    1.18935  0    1.41717  0    1.83572  0    1.45674  0    0.433381  0    0.873482  0    0.0904107  0    0.118826  0    0.0218581  0    0.00598379  0  7.44292  0  7.44292
11.7  -1.97561    1.19696  0    1.25061  0    1.81162  0    1.28731  0    0.408454  0    0.762751  0    0.084445  0    0.124798  0    0.0206409  0    0.00580328  0  6.9534  0  6.9534
11.8  -2.07519    1.21151  0    1.10458  0    1.79498  0    1.13874  0    0.385339  0    0.668117  0    0.0789101  0    0.132381  0    0.0195142  0    0.00562901  0  6.5397  0  6.5397
11.9  -2.17477    1.2375  0    0.979058  0    1.79249  0    1.01062  0    0.365057  0    0.588028  0    0.0738872  0    0.142152  0    0.0184824  0    0.00546495  0  6.21273  0  6.21273
12  -2.27435    1.27365  0    0.869328  0    1.79996  0    0.898907  0    0.34671  0    0.519663  0    0.069291  0    0.154565  0    0.0175307  0    0.0053078  0  5.95491  0  5.95491
12.1  -2.37393    1.32621  0    0.774666  0    1.82498  0    0.802302  0    0.331054  0    0.461252  0    0.0651233  0    0.170796  0    0.016647  0    0.00515748  0  5.77819  0  5.77819
12.2  -2.47351    1.39335  0    0.691723  0    1.86196  0    0.717867  0    0.317061  0    0.411029  0    0.0612869  0    0.191542  0    0.0158182  0    0.00501001  0  5.66665  0  5.66665
12.3  -2.57309    1.48185  0    0.619067  0    1.91623  0    0.643918  0    0.304942  0    0.367503  0    0.057754  0    0.218869  0    0.0150359  0    0.00486508  0  5.63003  0  5.63003
12.4  -2.67267    1.59635  0    0.555683  0    1.98937  0    0.579334  0    0.294597  0    0.329825  0    0.0545011  0    0.25502  0    0.0142971  0    0.00472283  0  5.67371  0  5.67371
12.5  -2.77225    1.74282  0    0.498634  0    2.0805  0    0.521254  0    0.28513  0    0.296235  0    0.0513841  0    0.304217  0    0.013572  0    0.00457449  0  5.79832  0  5.79832
12.6  -2.87183    1.93224  0    0.447948  0    2.19384  0    0.469578  0    0.276734  0    0.266556  0    0.0484343  0    0.372137  0    0.012871  0    0.00442397  0  6.02476  0  6.02476
12.7  -2.97141    2.18532  0    0.403137  0    2.33798  0    0.42374  0    0.269636  0    0.240339  0    0.0456642  0    0.468623  0    0.0121995  0    0.00427402  0  6.39092  0  6.39092
12.8  -3.07099    2.53045  0    0.362519  0    2.51813  0    0.382063  0    0.26324  0    0.216587  0    0.0429711  0    0.61022  0    0.0115344  0    0.00411733  0  6.94183  0  6.94183
12.9  -3.17057    3.01324  0    0.325965  0    2.74303  0    0.34445  0    0.257555  0    0.195238  0    0.0403839  0    0.817829  0    0.0108867  0    0.00395783  0  7.75253  0  7.75253
13  -3.27015    3.71142  0    0.292106  0    3.01918  0    0.309579  0    0.251748  0    0.175564  0    0.0378049  0    1.10876  0    0.0102353  0    0.0037879  0  8.92018  0  8.92018
13.1  -3.36973    4.80864  0    0.261875  0    3.3831  0    0.278244  0    0.246991  0    0.157881  0    0.0353483  0    1.43774  0    0.00960627  0    0.00361782  0  10.623  0  10.623
13.2  -3.46931    6.66552  0    0.234501  0    3.86496  0    0.249769  0    0.242823  0    0.141851  0    0.0329803  0    1.5973  0    0.008995  0    0.00344602  0  13.0421  0  13.0421
13.3  -3.56889    10.1983  0    0.20923  0    4.51927  0    0.223367  0    0.238818  0    0.127002  0    0.0306321  0    1.39263  0    0.00838308  0    0.00326586  0  16.9509  0  16.9509
13.4  -3.66847    18.1495  0    0.186421  0    5.46014  0    0.199448  0    0.235588  0    0.113563  0    0.0283881  0    0.995022  0    0.00779441  0    0.00308679  0  25.379  0  25.379
13.5  -3.76805    38.8089  0    0.165531  0    6.85351  0    0.177465  0    0.232497  0    0.101229  0    0.026195  0    0.659059  0    0.00721561  0    0.00290368  0  47.0345  0  47.0345
13.6  -3.86763    66.1969  0    0.147001  0    9.13218  0    0.157807  0    0.230717  0    0.0901552  0    0.0241314  0    0.435012  0    0.00666446  0    0.00272447  0  76.4233  0  76.4233
13.7  -3.96721    33.1635  0    0.129601  0    13.1921  0    0.139368  0    0.228585  0    0.0798041  0    0.0220765  0    0.293244  0    0.00611534  0    0.00253863  0  47.257  0  47.257
13.8  -4.06679    12.4263  0    0.113949  0    21.7671  0    0.12268  0    0.227356  0    0.070406  0    0.020116  0    0.203412  0    0.0055866  0    0.00235431  0  34.9592  0  34.9592
13.9  -4.16636    5.58616  0    0.0994871  0    44.9087  0    0.10726  0    0.226123  0    0.0617331  0    0.0182028  0    0.144645  0    0.00506958  0    0.00216799  0  51.1595  0  51.1595
14  -4.26594    2.92175  0    0.086603  0    130.475  0    0.0934922  0    0.225974  0    0.053983  0    0.0164154  0    0.10543  0    0.0045847  0    0.0019889  0  133.985  0  133.985
14.1  -4.36552    1.68585  0    0.0750044  0    159.049  0    0.0809767  0    0.22684  0    0.0468739  0    0.0146953  0    0.0780548  0    0.00411116  0    0.00180886  0  161.263  0  161.263
14.2  -4.4651    1.03748  0    0.0644516  0    41.9605  0    0.0696153  0    0.228056  0    0.0404307  0    0.0130578  0    0.0586019  0    0.0036607  0    0.00163293  0  43.4775  0  43.4775
14.3  -4.56468    0.66944  0    0.0552578  0    14.5982  0    0.0596499  0    0.23174  0    0.0347388  0    0.0115573  0    0.0445203  0    0.00324357  0    0.00146659  0  15.7098  0  15.7098
14.4  -4.66426    0.444434  0    0.0468403  0    6.58988  0    0.0505652  0    0.235761  0    0.0295597  0    0.0101222  0    0.0340113  0    0.00284564  0    0.00130367  0  7.44532  0  7.44532
14.5  -4.76384    0.298905  0    0.0390953  0    3.40865  0    0.0422317  0    0.24034  0    0.0248074  0    0.0087389  0    0.0259334  0    0.00246237  0    0.00114259  0  4.09231  0  4.09231
14.6  -4.86342    0.205261  0    0.0325211  0    1.93808  0    0.0350437  0    0.248957  0    0.0206332  0    0.00748268  0    0.0198054  0    0.00210677  0    0.000990184  0  2.51088  0  2.51088
14.7  -4.963    0.140646  0    0.0264803  0    1.15246  0    0.0285546  0    0.258681  0    0.016911  0    0.00630388  0    0.0150545  0    0.00177894  0    0.00084635  0  1.64771  0  1.64771
14.8  -5.06258    0.0977437  0    0.0215151  0    0.717156  0    0.0231209  0    0.275956  0    0.013725  0    0.00526585  0    0.0114196  0    0.00148324  0    0.000714428  0  1.1681  0  1.1681
14.9  -5.16216    0.0678874  0    0.0172526  0    0.45576  0    0.0184576  0    0.302106  0    0.0109769  0    0.00433617  0    0.00859609  0    0.00121771  0    0.000593706  0  0.887184  0  0.887184
15  -5.26174    0.0451115  0    0.0130606  0    0.282072  0    0.0139948  0    0.328951  0    0.00839192  0    0.00340278  0    0.00623707  0    0.000958442  0    0.000472605  0  0.702652  0  0.702652
