#Positive parity populations listed in first column
NEnergy= 8.45005   Entries 13
0    0.0066311   0.0098609   
1    0.0290578   0.0805877   
2    0.0378816   0.1694225   
3    0.0410275   0.2798190   
4    0.0257782   0.2232385   
5    0.0184009   0.0417921   
6    0.0039098   0.0274559   
7    0.0025971   0.0007741   
8    0.0007200   0.0004842   
9    0.0004146   0.0000947   
10   0.0000000   0.0000518   
11   0.0000000   0.0000000   
12   0.0000000   0.0000000   
NEnergy= 8.3500515   Entries 13
0    0.0061593   0.0096084   
1    0.0270288   0.0790019   
2    0.0354400   0.1714490   
3    0.0378210   0.2903702   
4    0.0223858   0.2301003   
5    0.0159791   0.0402229   
6    0.0034417   0.0263967   
7    0.0022906   0.0007059   
8    0.0006507   0.0004412   
9    0.0003745   0.0000855   
10   0.0000000   0.0000467   
11   0.0000000   0.0000000   
12   0.0000000   0.0000000   
NEnergy= 8.2500515   Entries 13
0    0.0056984   0.0093579   
1    0.0250263   0.0773696   
2    0.0329527   0.1733392   
3    0.0346761   0.3006655   
4    0.0193078   0.2367209   
5    0.0137852   0.0386512   
6    0.0030186   0.0253369   
7    0.0020125   0.0006412   
8    0.0005846   0.0004004   
9    0.0003362   0.0000769   
10   0.0000000   0.0000420   
11   0.0000000   0.0000000   
12   0.0000000   0.0000000   
NEnergy= 8.1500515   Entries 13
0    0.0052584   0.0091217   
1    0.0230905   0.0757913   
2    0.0304621   0.1751280   
3    0.0316358   0.3104711   
4    0.0165651   0.2429430   
5    0.0118323   0.0371201   
6    0.0026401   0.0243052   
7    0.0017629   0.0005806   
8    0.0005227   0.0003623   
9    0.0003003   0.0000689   
10   0.0000000   0.0000376   
11   0.0000000   0.0000000   
12   0.0000000   0.0000000   
NEnergy= 8.0500515   Entries 13
0    0.0048486   0.0089153   
1    0.0212598   0.0743873   
2    0.0280133   0.1768530   
3    0.0287425   0.3194999   
4    0.0141655   0.2485837   
5    0.0101247   0.0357187   
6    0.0023059   0.0233594   
7    0.0015419   0.0005250   
8    0.0004656   0.0003274   
9    0.0002673   0.0000616   
10   0.0000000   0.0000336   
11   0.0000000   0.0000000   
12   0.0000000   0.0000000   
NEnergy= 7.9500515   Entries 13
0    0.0044833   0.0087666   
1    0.0196003   0.0733971   
2    0.0257029   0.1786236   
3    0.0260847   0.3272696   
4    0.0121273   0.2533209   
5    0.0086747   0.0345203   
6    0.0020189   0.0225476   
7    0.0013516   0.0004758   
8    0.0004150   0.0002965   
9    0.0002381   0.0000553   
10   0.0000000   0.0000301   
11   0.0000000   0.0000000   
12   0.0000000   0.0000000   
NEnergy= 7.8500515   Entries 13
0    0.0041786   0.0087154   
1    0.0181866   0.0731594   
2    0.0236432   0.1805999   
3    0.0237612   0.3331192   
4    0.0104575   0.2567252   
5    0.0074870   0.0336641   
6    0.0017813   0.0219602   
7    0.0011938   0.0004344   
8    0.0003721   0.0002705   
9    0.0002133   0.0000499   
10   0.0000000   0.0000271   
11   0.0000000   0.0000000   
12   0.0000000   0.0000000   
NEnergy= 7.7500515   Entries 13
0    0.0039464   0.0088133   
1    0.0170714   0.0741072   
2    0.0219102   0.1830097   
3    0.0218337   0.3362877   
4    0.0091408   0.2583217   
5    0.0065509   0.0333579   
6    0.0015937   0.0217318   
7    0.0010690   0.0004022   
8    0.0003379   0.0002503   
9    0.0001935   0.0000457   
10   0.0000000   0.0000248   
11   0.0000000   0.0000000   
12   0.0000000   0.0000000   
NEnergy= 7.6500515   Entries 13
0    0.0038074   0.0091396   
1    0.0163473   0.0769156   
2    0.0206338   0.1862189   
3    0.0204135   0.3356228   
4    0.0081770   0.2573732   
5    0.0058663   0.0338484   
6    0.0014588   0.0220215   
7    0.0009792   0.0003811   
8    0.0003134   0.0002370   
9    0.0001793   0.0000428   
10   0.0000000   0.0000232   
11   0.0000000   0.0000000   
12   0.0000000   0.0000000   
NEnergy= 7.5500515   Entries 13
0    0.0037759   0.0097876   
1    0.0160748   0.0823740   
2    0.0198895   0.1906932   
3    0.0195587   0.3299237   
4    0.0075453   0.2531248   
5    0.0054190   0.0353976   
6    0.0013765   0.0229976   
7    0.0009245   0.0003722   
8    0.0002992   0.0002313   
9    0.0001710   0.0000413   
10   0.0000000   0.0000224   
11   0.0000000   0.0000000   
12   0.0000000   0.0000000   
NEnergy= 7.4500515   Entries 13
0    0.0038577   0.0108544   
1    0.0162745   0.0912980   
2    0.0196932   0.1969616   
3    0.0192708   0.3181413   
4    0.0072094   0.2449155   
5    0.0051834   0.0381839   
6    0.0013435   0.0247732   
7    0.0009027   0.0003761   
8    0.0002950   0.0002336   
9    0.0001685   0.0000413   
10   0.0000000   0.0000224   
11   0.0000000   0.0000000   
12   0.0000000   0.0000000   
NEnergy= 7.3500515   Entries 13
0    0.0040324   0.0124067   
1    0.0168540   0.1042332   
2    0.0199167   0.2054562   
3    0.0194156   0.2998867   
4    0.0070941   0.2325265   
5    0.0051063   0.0422644   
6    0.0013493   0.0273819   
7    0.0009069   0.0003911   
8    0.0002991   0.0002429   
9    0.0001706   0.0000424   
10   0.0000000   0.0000230   
11   0.0000000   0.0000000   
12   0.0000000   0.0000000   
NEnergy= 7.2500515   Entries 13
0    0.0042671   0.0144706   
1    0.0176760   0.1213805   
2    0.0203967   0.2164753   
3    0.0198272   0.2755515   
4    0.0071218   0.2161870   
5    0.0051319   0.0473487   
6    0.0013806   0.0306325   
7    0.0009281   0.0004145   
8    0.0003085   0.0002573   
9    0.0001758   0.0000444   
10   0.0000000   0.0000240   
11   0.0000000   0.0000000   
12   0.0000000   0.0000000   
NEnergy= 7.1500515   Entries 13
0    0.0045030   0.0170006   
1    0.0184954   0.1423227   
2    0.0208511   0.2300184   
3    0.0202314   0.2467106   
4    0.0071898   0.1968581   
5    0.0051866   0.0528364   
6    0.0014189   0.0341349   
7    0.0009540   0.0004414   
8    0.0003192   0.0002739   
9    0.0001818   0.0000467   
10   0.0000000   0.0000252   
11   0.0000000   0.0000000   
12   0.0000000   0.0000000   
NEnergy= 7.0500515   Entries 13
0    0.0046927   0.0199039   
1    0.0191223   0.1662416   
2    0.0210801   0.2458272   
3    0.0204327   0.2154737   
4    0.0072233   0.1757843   
5    0.0052163   0.0578874   
6    0.0014486   0.0373458   
7    0.0009738   0.0004672   
8    0.0003277   0.0002898   
9    0.0001864   0.0000487   
10   0.0000000   0.0000263   
11   0.0000000   0.0000000   
12   0.0000000   0.0000000   
NEnergy= 6.9500515   Entries 13
0    0.0048003   0.0230296   
1    0.0194060   0.1917961   
2    0.0209048   0.2632450   
3    0.0202602   0.1844844   
4    0.0071661   0.1545575   
5    0.0051802   0.0616351   
6    0.0014582   0.0397091   
7    0.0009801   0.0004878   
8    0.0003315   0.0003025   
9    0.0001883   0.0000502   
10   0.0000000   0.0000271   
11   0.0000000   0.0000000   
12   0.0000000   0.0000000   
NEnergy= 6.8500515   Entries 13
0    0.0048477   0.0261519   
1    0.0194228   0.2169726   
2    0.0203682   0.2808555   
3    0.0197532   0.1563041   
4    0.0070298   0.1348334   
5    0.0050865   0.0636128   
6    0.0014484   0.0409289   
7    0.0009732   0.0005027   
8    0.0003305   0.0003116   
9    0.0001876   0.0000510   
10   0.0000000   0.0000275   
11   0.0000000   0.0000000   
12   0.0000000   0.0000000   
NEnergy= 6.7500515   Entries 13
0    0.0049409   0.0288513   
1    0.0195642   0.2379474   
2    0.0197799   0.2952856   
3    0.0192131   0.1337023   
4    0.0069212   0.1188368   
5    0.0050123   0.0645917   
6    0.0014415   0.0415051   
7    0.0009683   0.0005196   
8    0.0003300   0.0003220   
9    0.0001871   0.0000519   
10   0.0000000   0.0000280   
11   0.0000000   0.0000000   
12   0.0000000   0.0000000   
NEnergy= 6.6500515   Entries 13
0    0.0053552   0.0302502   
1    0.0208666   0.2469134   
2    0.0200164   0.2992915   
3    0.0194860   0.1208920   
4    0.0071336   0.1104440   
5    0.0051703   0.0670862   
6    0.0014993   0.0430552   
7    0.0010067   0.0005616   
8    0.0003440   0.0003480   
9    0.0001948   0.0000552   
10   0.0000000   0.0000297   
11   0.0000000   0.0000000   
12   0.0000000   0.0000000   
NEnergy= 6.5500515   Entries 13
0    0.0067330   0.0285808   
1    0.0257015   0.2283334   
2    0.0229398   0.2781158   
3    0.0223826   0.1248289   
4    0.0083082   0.1167281   
5    0.0060264   0.0771052   
6    0.0017603   0.0494286   
7    0.0011813   0.0006858   
8    0.0004047   0.0004248   
9    0.0002289   0.0000664   
10   0.0000000   0.0000357   
11   0.0000000   0.0000000   
12   0.0000000   0.0000000   
NEnergy= 6.4500515   Entries 13
0    0.0076954   0.0253461   
1    0.0297502   0.1971485   
2    0.0278176   0.2461946   
3    0.0271768   0.1362522   
4    0.0101154   0.1297718   
5    0.0073435   0.0911121   
6    0.0021569   0.0583479   
7    0.0014470   0.0008758   
8    0.0004970   0.0005424   
9    0.0002808   0.0000832   
10   0.0000000   0.0000448   
11   0.0000000   0.0000000   
12   0.0000000   0.0000000   
NEnergy= 6.3500515   Entries 13
0    0.0087791   0.0236063   
1    0.0339334   0.1800180   
2    0.0317477   0.2276479   
3    0.0310308   0.1396902   
4    0.0115225   0.1348082   
5    0.0083713   0.0987798   
6    0.0024723   0.0631984   
7    0.0016577   0.0010464   
8    0.0005701   0.0006480   
9    0.0003218   0.0000977   
10   0.0000000   0.0000525   
11   0.0000000   0.0000000   
12   0.0000000   0.0000000   
NEnergy= 6.2500515   Entries 13
0    0.0099013   0.0224340   
1    0.0381980   0.1681565   
2    0.0355544   0.2142613   
3    0.0347533   0.1407177   
4    0.0128267   0.1369368   
5    0.0093257   0.1031947   
6    0.0027668   0.0659688   
7    0.0018540   0.0012226   
8    0.0006383   0.0007571   
9    0.0003598   0.0001121   
10   0.0000000   0.0000602   
11   0.0000000   0.0000000   
12   0.0000000   0.0000000   
NEnergy= 6.1500515   Entries 13
0    0.0110695   0.0215908   
1    0.0426030   0.1593352   
2    0.0393886   0.2039353   
3    0.0384912   0.1406515   
4    0.0140864   0.1374241   
5    0.0102488   0.1052578   
6    0.0030525   0.0672431   
7    0.0020441   0.0014096   
8    0.0007043   0.0008728   
9    0.0003966   0.0001267   
10   0.0000000   0.0000680   
11   0.0000000   0.0000000   
12   0.0000000   0.0000000   
NEnergy= 6.0500515   Entries 13
0    0.0123081   0.0209528   
1    0.0472470   0.1524000   
2    0.0433624   0.1955170   
3    0.0423560   0.1399548   
4    0.0153375   0.1368167   
5    0.0111669   0.1055693   
6    0.0033365   0.0674089   
7    0.0022328   0.0016133   
8    0.0007698   0.0009989   
9    0.0004329   0.0001421   
10   0.0000000   0.0000762   
11   0.0000000   0.0000000   
12   0.0000000   0.0000000   
NEnergy= 5.9500515   Entries 13
0    0.0136218   0.0204494   
1    0.0521526   0.1467357   
2    0.0475087   0.1884035   
3    0.0463757   0.1388478   
4    0.0165850   0.1354227   
5    0.0120832   0.1045307   
6    0.0036186   0.0667269   
7    0.0024200   0.0018352   
8    0.0008347   0.0011362   
9    0.0004688   0.0001581   
10   0.0000000   0.0000848   
11   0.0000000   0.0000000   
12   0.0000000   0.0000000   
NEnergy= 5.8500515   Entries 13
0    0.0150134   0.0200296   
1    0.0573300   0.1419071   
2    0.0518376   0.1821458   
3    0.0505584   0.1374032   
4    0.0178253   0.1334403   
5    0.0129951   0.1025305   
6    0.0038970   0.0654479   
7    0.0026044   0.0020773   
8    0.0008986   0.0012860   
9    0.0005041   0.0001748   
10   0.0000000   0.0000937   
11   0.0000000   0.0000000   
12   0.0000000   0.0000000   
NEnergy= 5.7500515   Entries 13
0    0.0164849   0.0196598   
1    0.0627838   0.1376205   
2    0.0563459   0.1764361   
3    0.0549005   0.1356619   
4    0.0190528   0.1310049   
5    0.0138984   0.0998536   
6    0.0041701   0.0637552   
7    0.0027852   0.0023415   
8    0.0009614   0.0014495   
9    0.0005386   0.0001922   
10   0.0000000   0.0001029   
11   0.0000000   0.0000000   
12   0.0000000   0.0000000   
NEnergy= 5.6500515   Entries 13
0    0.0180434   0.0193171   
1    0.0685381   0.1336802   
2    0.0610469   0.1710670   
3    0.0594127   0.1336375   
4    0.0202636   0.1281924   
5    0.0147903   0.0966745   
6    0.0044364   0.0617616   
7    0.0029614   0.0026309   
8    0.0010227   0.0016285   
9    0.0005723   0.0002102   
10   0.0000000   0.0001125   
11   0.0000000   0.0000000   
12   0.0000000   0.0000000   
NEnergy= 5.5500515   Entries 13
0    0.0196964   0.0189819   
1    0.0746164   0.1299281   
2    0.0659489   0.1658686   
3    0.0641013   0.1313192   
4    0.0214498   0.1250583   
5    0.0156648   0.0931572   
6    0.0046931   0.0595732   
7    0.0031311   0.0029487   
8    0.0010822   0.0018250   
9    0.0006047   0.0002288   
10   0.0000000   0.0001224   
11   0.0000000   0.0000000   
12   0.0000000   0.0000000   
NEnergy= 5.4500515   Entries 13
0    0.0214354   0.0186427   
1    0.0809828   0.1262754   
2    0.0710055   0.1607556   
3    0.0689191   0.1287282   
4    0.0225930   0.1216797   
5    0.0165086   0.0894617   
6    0.0049365   0.0572928   
7    0.0032921   0.0032957   
8    0.0011392   0.0020397   
9    0.0006358   0.0002479   
10   0.0000000   0.0001326   
11   0.0000000   0.0000000   
12   0.0000000   0.0000000   
NEnergy= 5.3500515   Entries 13
0    0.0232778   0.0182873   
1    0.0877013   0.1226459   
2    0.0762666   0.1556509   
3    0.0739058   0.1258393   
4    0.0236890   0.1180511   
5    0.0173180   0.0856085   
6    0.0051624   0.0549356   
7    0.0034417   0.0036759   
8    0.0011929   0.0022747   
9    0.0006650   0.0002673   
10   0.0000000   0.0001429   
11   0.0000000   0.0000000   
12   0.0000000   0.0000000   
NEnergy= 5.2500515   Entries 13
0    0.0252311   0.0179113   
1    0.0947800   0.1189579   
2    0.0816890   0.1504502   
3    0.0790296   0.1226673   
4    0.0247251   0.1142201   
5    0.0180851   0.0817125   
6    0.0053719   0.0525762   
7    0.0035809   0.0040984   
8    0.0012442   0.0025358   
9    0.0006927   0.0002871   
10   0.0000000   0.0001534   
11   0.0000000   0.0000000   
12   0.0000000   0.0000000   
NEnergy= 5.1500515   Entries 13
0    0.0273066   0.0175076   
1    0.1022582   0.1151783   
2    0.0872907   0.1451279   
3    0.0842990   0.1192037   
4    0.0256897   0.1101887   
5    0.0188009   0.0777831   
6    0.0055605   0.0502230   
7    0.0037068   0.0045677   
8    0.0012923   0.0028257   
9    0.0007186   0.0003071   
10   0.0000000   0.0001641   
11   0.0000000   0.0000000   
12   0.0000000   0.0000000   
NEnergy= 5.0500515   Entries 13
0    0.0295108   0.0170708   
1    0.1101494   0.1112699   
2    0.0930498   0.1396492   
3    0.0896912   0.1154513   
4    0.0265658   0.1059822   
5    0.0194537   0.0738776   
6    0.0057250   0.0479153   
7    0.0038175   0.0050906   
8    0.0013369   0.0031486   
9    0.0007426   0.0003271   
10   0.0000000   0.0001748   
11   0.0000000   0.0000000   
12   0.0000000   0.0000000   
NEnergy= 4.9500515   Entries 13
0    0.0318638   0.0165965   
1    0.1185165   0.1071987   
2    0.0989834   0.1339762   
3    0.0952186   0.1114020   
4    0.0273434   0.1015912   
5    0.0200363   0.0699848   
6    0.0058630   0.0456501   
7    0.0039116   0.0056783   
8    0.0013777   0.0035112   
9    0.0007644   0.0003471   
10   0.0000000   0.0001854   
11   0.0000000   0.0000000   
12   0.0000000   0.0000000   
NEnergy= 4.8500515   Entries 13
0    0.0343894   0.0160754   
1    0.1274452   0.1029263   
2    0.1051418   0.1280777   
3    0.1009151   0.1070237   
4    0.0280112   0.0969888   
5    0.0205399   0.0660780   
6    0.0059686   0.0434154   
7    0.0039850   0.0063406   
8    0.0014131   0.0039194   
9    0.0007831   0.0003664   
10   0.0000000   0.0001957   
11   0.0000000   0.0000000   
12   0.0000000   0.0000000   
NEnergy= 4.7500515   Entries 13
0    0.0370756   0.0155142   
1    0.1368637   0.0984565   
2    0.1113891   0.1219553   
3    0.1066666   0.1023909   
4    0.0285477   0.0922572   
5    0.0209507   0.0622559   
6    0.0060449   0.0412785   
7    0.0040402   0.0070947   
8    0.0014443   0.0043836   
9    0.0007996   0.0003852   
10   0.0000000   0.0002057   
11   0.0000000   0.0000000   
12   0.0000000   0.0000000   
NEnergy= 4.6500515   Entries 13
0    0.0399489   0.0149044   
1    0.1468659   0.0937584   
2    0.1177774   0.1155877   
3    0.1125075   0.0974742   
4    0.0289445   0.0873614   
5    0.0212616   0.0584657   
6    0.0060860   0.0392134   
7    0.0040729   0.0079568   
8    0.0014693   0.0049135   
9    0.0008127   0.0004027   
10   0.0000000   0.0002150   
11   0.0000000   0.0000000   
12   0.0000000   0.0000000   
NEnergy= 4.5500515   Entries 13
0    0.0430352   0.0142363   
1    0.1575471   0.0888006   
2    0.1243582   0.1089562   
3    0.1184668   0.0922438   
4    0.0291926   0.0822687   
5    0.0214642   0.0546595   
6    0.0060849   0.0371981   
7    0.0040780   0.0089435   
8    0.0014852   0.0055190   
9    0.0008208   0.0004180   
10   0.0000000   0.0002232   
11   0.0000000   0.0000000   
12   0.0000000   0.0000000   
NEnergy= 4.4500515   Entries 13
0    0.0463136   0.0135220   
1    0.1688004   0.0836221   
2    0.1309530   0.1021047   
3    0.1243921   0.0868011   
4    0.0292745   0.0770718   
5    0.0215470   0.0509174   
6    0.0060460   0.0352932   
7    0.0040584   0.0100856   
8    0.0014930   0.0062184   
9    0.0008244   0.0004311   
10   0.0000000   0.0002302   
11   0.0000000   0.0000000   
12   0.0000000   0.0000000   
NEnergy= 4.3500515   Entries 13
0    0.0497970   0.0127533   
1    0.1806842   0.0782257   
2    0.1376010   0.0950662   
3    0.1302891   0.0811273   
4    0.0291843   0.0717464   
5    0.0215018   0.0471821   
6    0.0059593   0.0334713   
7    0.0040067   0.0113983   
8    0.0014886   0.0070205   
9    0.0008212   0.0004406   
10   0.0000000   0.0002352   
11   0.0000000   0.0000000   
12   0.0000000   0.0000000   
NEnergy= 4.2500515   Entries 13
0    0.0534707   0.0119444   
1    0.1931072   0.0726610   
2    0.1441073   0.0878895   
3    0.1359932   0.0753200   
4    0.0289083   0.0663728   
5    0.0213199   0.0435110   
6    0.0058307   0.0317851   
7    0.0039268   0.0129284   
8    0.0014731   0.0079535   
9    0.0008121   0.0004465   
10   0.0000000   0.0002383   
11   0.0000000   0.0000000   
12   0.0000000   0.0000000   
NEnergy= 4.1500515   Entries 13
0    0.0573798   0.0110828   
1    0.2062326   0.0668994   
2    0.1505406   0.0805617   
3    0.1415315   0.0693137   
4    0.0284372   0.0608804   
5    0.0209898   0.0398098   
6    0.0056478   0.0301964   
7    0.0038095   0.0147211   
8    0.0014417   0.0090441   
9    0.0007941   0.0004471   
10   0.0000000   0.0002387   
11   0.0000000   0.0000000   
12   0.0000000   0.0000000   
NEnergy= 4.0500515   Entries 13
0    0.0614717   0.0101938   
1    0.2198285   0.0610666   
2    0.1565833   0.0732246   
3    0.1466300   0.0632692   
4    0.0277614   0.0554101   
5    0.0205058   0.0361810   
6    0.0054199   0.0287898   
7    0.0036612   0.0168322   
8    0.0013970   0.0103259   
9    0.0007689   0.0004429   
10   0.0000000   0.0002364   
11   0.0000000   0.0000000   
12   0.0000000   0.0000000   
NEnergy= 3.9500515   Entries 13
0    0.0658010   0.0092722   
1    0.2340522   0.0551426   
2    0.1621768   0.0658553   
3    0.1512181   0.0571470   
4    0.0268641   0.0499158   
5    0.0198532   0.0325667   
6    0.0051408   0.0275686   
7    0.0034773   0.0193568   
8    0.0013366   0.0118559   
9    0.0007351   0.0004328   
10   0.0000000   0.0002311   
11   0.0000000   0.0000000   
12   0.0000000   0.0000000   
NEnergy= 3.8500515   Entries 13
0    0.0703400   0.0083340   
1    0.2487686   0.0492285   
2    0.1670673   0.0585758   
3    0.1550614   0.0510419   
4    0.0257433   0.0444773   
5    0.0190300   0.0290086   
6    0.0048140   0.0265925   
7    0.0032603   0.0223785   
8    0.0012612   0.0136842   
9    0.0006931   0.0004169   
10   0.0000000   0.0002226   
11   0.0000000   0.0000000   
12   0.0000000   0.0000000   
NEnergy= 3.7500515   Entries 13
0    0.0751433   0.0073831   
1    0.2640737   0.0433232   
2    0.1709732   0.0513682   
3    0.1579156   0.0449575   
4    0.0243713   0.0390895   
5    0.0180168   0.0254996   
6    0.0044412   0.0259462   
7    0.0030112   0.0261201   
8    0.0011715   0.0159453   
9    0.0006434   0.0003952   
10   0.0000000   0.0002110   
11   0.0000000   0.0000000   
12   0.0000000   0.0000000   
NEnergy= 3.6500515   Entries 13
0    0.0801792   0.0064370   
1    0.2797953   0.0375372   
2    0.1735336   0.0443641   
3    0.1594587   0.0389948   
4    0.0227560   0.0338382   
5    0.0168194   0.0220869   
6    0.0040290   0.0257269   
7    0.0027345   0.0307492   
8    0.0010693   0.0187397   
9    0.0005868   0.0003678   
10   0.0000000   0.0001964   
11   0.0000000   0.0000000   
12   0.0000000   0.0000000   
NEnergy= 3.5500515   Entries 13
0    0.0854855   0.0055031   
1    0.2959652   0.0319095   
2    0.1743779   0.0376038   
3    0.1593637   0.0331856   
4    0.0208941   0.0287459   
5    0.0154357   0.0187772   
6    0.0035809   0.0260344   
7    0.0024327   0.0365021   
8    0.0009555   0.0222094   
9    0.0005240   0.0003350   
10   0.0000000   0.0001789   
11   0.0000000   0.0000000   
12   0.0000000   0.0000000   
NEnergy= 3.4500515   Entries 13
0    0.0911305   0.0045887   
1    0.3126589   0.0264664   
2    0.1729597   0.0311065   
3    0.1571629   0.0275577   
4    0.0187726   0.0238316   
5    0.0138577   0.0155816   
6    0.0031023   0.0270292   
7    0.0021094   0.0437584   
8    0.0008317   0.0265826   
9    0.0004558   0.0002971   
10   0.0000000   0.0001586   
11   0.0000000   0.0000000   
12   0.0000000   0.0000000   
NEnergy= 3.3500515   Entries 13
0    0.0971694   0.0037194   
1    0.3299205   0.0213464   
2    0.1687669   0.0250280   
3    0.1524411   0.0222550   
4    0.0164404   0.0192173   
5    0.0121236   0.0125793   
6    0.0026107   0.0287581   
7    0.0017766   0.0525132   
8    0.0007030   0.0318540   
9    0.0003849   0.0002557   
10   0.0000000   0.0001365   
11   0.0000000   0.0000000   
12   0.0000000   0.0000000   
NEnergy= 3.2500515   Entries 13
0    0.1040174   0.0029162   
1    0.3489188   0.0166543   
2    0.1615090   0.0194810   
3    0.1449947   0.0173903   
4    0.0139612   0.0149967   
5    0.0102829   0.0098328   
6    0.0021241   0.0308998   
7    0.0014466   0.0618760   
8    0.0005744   0.0374832   
9    0.0003143   0.0002127   
10   0.0000000   0.0001136   
11   0.0000000   0.0000000   
12   0.0000000   0.0000000   
NEnergy= 3.1500515   Entries 13
0    0.1131653   0.0022082   
1    0.3743205   0.0125566   
2    0.1520419   0.0146583   
3    0.1356258   0.0131292   
4    0.0114976   0.0113087   
5    0.0084554   0.0074264   
6    0.0016677   0.0316972   
7    0.0011367   0.0673760   
8    0.0004527   0.0407667   
9    0.0002476   0.0001706   
10   0.0000000   0.0000911   
11   0.0000000   0.0000000   
12   0.0000000   0.0000000   
NEnergy= 3.0500515   Entries 13
0    0.1277688   0.0016193   
1    0.4158544   0.0091716   
2    0.1415589   0.0106874   
3    0.1254478   0.0096028   
4    0.0092038   0.0082626   
5    0.0067566   0.0054357   
6    0.0012674   0.0279341   
7    0.0008645   0.0609721   
8    0.0003453   0.0368550   
9    0.0001887   0.0001323   
10   0.0000000   0.0000707   
11   0.0000000   0.0000000   
12   0.0000000   0.0000000   
NEnergy= 2.9500515   Entries 13
0    0.1504095   0.0011172   
1    0.4806525   0.0063045   
2    0.1274339   0.0073346   
3    0.1121718   0.0066096   
4    0.0069624   0.0056819   
5    0.0051008   0.0037451   
6    0.0009057   0.0188122   
7    0.0006183   0.0409041   
8    0.0002476   0.0247049   
9    0.0001352   0.0000965   
10   0.0000000   0.0000515   
11   0.0000000   0.0000000   
12   0.0000000   0.0000000   
NEnergy= 2.8500515   Entries 13
0    0.1787850   0.0006679   
1    0.5602249   0.0037565   
2    0.1029044   0.0043638   
3    0.0899592   0.0039432   
4    0.0045859   0.0033870   
5    0.0033521   0.0022371   
6    0.0005606   0.0092528   
7    0.0003830   0.0195217   
8    0.0001538   0.0117836   
9    0.0000839   0.0000609   
10   0.0000000   0.0000325   
11   0.0000000   0.0000000   
12   0.0000000   0.0000000   
NEnergy= 2.7500515   Entries 13
0    0.2062789   0.0003214   
1    0.6350942   0.0018018   
2    0.0697455   0.0020905   
3    0.0605528   0.0018937   
4    0.0024413   0.0016256   
5    0.0017801   0.0010762   
6    0.0002791   0.0034740   
7    0.0001909   0.0069777   
8    0.0000768   0.0042103   
9    0.0000419   0.0000309   
10   0.0000000   0.0000165   
11   0.0000000   0.0000000   
12   0.0000000   0.0000000   
NEnergy= 2.6500515   Entries 13
0    0.2165469   0.0001762   
1    0.6630540   0.0009856   
2    0.0572414   0.0011425   
3    0.0493534   0.0010367   
4    0.0014906   0.0008894   
5    0.0010838   0.0005900   
6    0.0001582   0.0015030   
7    0.0001083   0.0028348   
8    0.0000437   0.0017103   
9    0.0000238   0.0000179   
10   0.0000000   0.0000095   
11   0.0000000   0.0000000   
12   0.0000000   0.0000000   
NEnergy= 2.5500515   Entries 13
0    0.1754425   0.0002521   
1    0.5578619   0.0014065   
2    0.1338344   0.0016289   
3    0.1146085   0.0014810   
4    0.0023876   0.0012701   
5    0.0017311   0.0008447   
6    0.0002341   0.0017590   
7    0.0001603   0.0030908   
8    0.0000648   0.0018650   
9    0.0000353   0.0000269   
10   0.0000000   0.0000144   
11   0.0000000   0.0000000   
12   0.0000000   0.0000000   
NEnergy= 2.4500515   Entries 13
0    0.0888628   0.0003003   
1    0.3373935   0.0016728   
2    0.2987701   0.0019362   
3    0.2541664   0.0017627   
4    0.0032094   0.0015113   
5    0.0023196   0.0010075   
6    0.0002884   0.0017778   
7    0.0001977   0.0028985   
8    0.0000800   0.0017497   
9    0.0000436   0.0000337   
10   0.0000000   0.0000180   
11   0.0000000   0.0000000   
12   0.0000000   0.0000000   
NEnergy= 2.3500515   Entries 13
0    0.0272977   0.0001797   
1    0.1824077   0.0009988   
2    0.4215983   0.0011553   
3    0.3564496   0.0010534   
4    0.0021808   0.0009030   
5    0.0015710   0.0006038   
6    0.0001783   0.0009317   
7    0.0001223   0.0014086   
8    0.0000496   0.0008508   
9    0.0000270   0.0000212   
10   0.0000000   0.0000113   
11   0.0000000   0.0000000   
12   0.0000000   0.0000000   
NEnergy= 2.2500515   Entries 13
0    0.0054516   0.0000599   
1    0.1286618   0.0003322   
2    0.4681433   0.0003841   
3    0.3936353   0.0003507   
4    0.0008320   0.0003006   
5    0.0005973   0.0002016   
6    0.0000614   0.0002792   
7    0.0000422   0.0003921   
8    0.0000171   0.0002370   
9    0.0000093   0.0000074   
10   0.0000000   0.0000040   
11   0.0000000   0.0000000   
12   0.0000000   0.0000000   
NEnergy= 2.1500515   Entries 13
0    0.0026135   0.0000431   
1    0.1224282   0.0002391   
2    0.4746055   0.0002764   
3    0.3973128   0.0002524   
4    0.0006938   0.0002164   
5    0.0004963   0.0001455   
6    0.0000457   0.0001844   
7    0.0000314   0.0002412   
8    0.0000128   0.0001460   
9    0.0000069   0.0000056   
10   0.0000000   0.0000030   
11   0.0000000   0.0000000   
12   0.0000000   0.0000000   
NEnergy= 2.0500515   Entries 13
0    0.0059656   0.0001375   
1    0.1308742   0.0007622   
2    0.4648939   0.0008813   
3    0.3881179   0.0008051   
4    0.0025868   0.0006903   
5    0.0018435   0.0004655   
6    0.0001505   0.0005491   
7    0.0001035   0.0006718   
8    0.0000422   0.0004072   
9    0.0000229   0.0000188   
10   0.0000000   0.0000100   
11   0.0000000   0.0000000   
12   0.0000000   0.0000000   
NEnergy= 1.9500515   Entries 13
0    0.0106532   0.0003262   
1    0.1415809   0.0018084   
2    0.4480842   0.0020920   
3    0.3740089   0.0019094   
4    0.0072742   0.0016376   
5    0.0051636   0.0011071   
6    0.0003686   0.0012300   
7    0.0002537   0.0014128   
8    0.0001034   0.0008576   
9    0.0000561   0.0000468   
10   0.0000000   0.0000250   
11   0.0000000   0.0000000   
12   0.0000000   0.0000000   
NEnergy= 1.8500515   Entries 13
0    0.0149232   0.0005837   
1    0.1500062   0.0032348   
2    0.4272578   0.0037434   
3    0.3579159   0.0034160   
4    0.0156141   0.0029310   
5    0.0110408   0.0019880   
6    0.0006812   0.0021021   
7    0.0004693   0.0022777   
8    0.0001914   0.0013850   
9    0.0001038   0.0000877   
10   0.0000000   0.0000468   
11   0.0000000   0.0000000   
12   0.0000000   0.0000000   
NEnergy= 1.7500515   Entries 13
0    0.0182601   0.0008874   
1    0.1546203   0.0049136   
2    0.4025254   0.0056867   
3    0.3404146   0.0051919   
4    0.0289583   0.0044571   
5    0.0203973   0.0030358   
6    0.0010699   0.0030785   
7    0.0007378   0.0031603   
8    0.0003014   0.0019255   
9    0.0001634   0.0001399   
10   0.0000000   0.0000747   
11   0.0000000   0.0000000   
12   0.0000000   0.0000000   
NEnergy= 1.6500515   Entries 13
0    0.0204371   0.0011994   
1    0.1545666   0.0066562   
2    0.3734219   0.0077144   
3    0.3218089   0.0070224   
4    0.0488902   0.0060318   
5    0.0342954   0.0041158   
6    0.0014930   0.0040289   
7    0.0010304   0.0039343   
8    0.0004203   0.0024023   
9    0.0002277   0.0001975   
10   0.0000000   0.0001054   
11   0.0000000   0.0000000   
12   0.0000000   0.0000000   
NEnergy= 1.5500515   Entries 13
0    0.0213395   0.0014899   
1    0.1492333   0.0082614   
2    0.3387698   0.0095767   
3    0.3017596   0.0087218   
4    0.0774142   0.0074972   
5    0.0540949   0.0051412   
6    0.0019166   0.0048840   
7    0.0013240   0.0045580   
8    0.0005408   0.0027895   
9    0.0002929   0.0002573   
10   0.0000000   0.0001373   
11   0.0000000   0.0000000   
12   0.0000000   0.0000000   
NEnergy= 1.4500515   Entries 13
0    0.0209194   0.0017001   
1    0.1381554   0.0094573   
2    0.2977002   0.0109833   
3    0.2804926   0.0099623   
4    0.1165026   0.0085698   
5    0.0810801   0.0058866   
6    0.0022582   0.0054503   
7    0.0015610   0.0048779   
8    0.0006361   0.0029927   
9    0.0003443   0.0003064   
10   0.0000000   0.0001635   
11   0.0000000   0.0000000   
12   0.0000000   0.0000000   
NEnergy= 1.3500515   Entries 13
0    0.0191300   0.0017849   
1    0.1209766   0.0099698   
2    0.2493738   0.0116044   
3    0.2579699   0.0104715   
4    0.1679477   0.0090148   
5    0.1164189   0.0061993   
6    0.0024481   0.0056140   
7    0.0016931   0.0048353   
8    0.0006876   0.0029743   
9    0.0003720   0.0003352   
10   0.0000000   0.0001789   
11   0.0000000   0.0000000   
12   0.0000000   0.0000000   
NEnergy= 1.2500515   Entries 13
0    0.0160504   0.0017097   
1    0.0982797   0.0095348   
2    0.1951151   0.0110980   
3    0.2349727   0.0100279   
4    0.2309274   0.0086430   
5    0.1595000   0.0059850   
6    0.0024255   0.0053187   
7    0.0016794   0.0044305   
8    0.0006833   0.0027326   
9    0.0003695   0.0003369   
10   0.0000000   0.0001798   
11   0.0000000   0.0000000   
12   0.0000000   0.0000000   
