#Positive parity populations listed in first column
NEnergy= 9.55005   Entries 13
0    0.0084100   0.0105584   
1    0.0349087   0.0765232   
2    0.0388941   0.1396977   
3    0.0462126   0.2179258   
4    0.0390976   0.1964185   
5    0.0280953   0.0901710   
6    0.0068765   0.0590889   
7    0.0043553   0.0009114   
8    0.0007159   0.0005677   
9    0.0004096   0.0001044   
10   0.0000000   0.0000574   
11   0.0000000   0.0000000   
12   0.0000000   0.0000000   
NEnergy= 9.4500515   Entries 13
0    0.0081150   0.0103296   
1    0.0336413   0.0755805   
2    0.0375284   0.1410515   
3    0.0441347   0.2235609   
4    0.0361752   0.2007447   
5    0.0259343   0.0908936   
6    0.0062585   0.0595055   
7    0.0039630   0.0008578   
8    0.0006620   0.0005340   
9    0.0003785   0.0000975   
10   0.0000000   0.0000535   
11   0.0000000   0.0000000   
12   0.0000000   0.0000000   
NEnergy= 9.3500515   Entries 13
0    0.0078046   0.0100957   
1    0.0323153   0.0745608   
2    0.0361029   0.1424333   
3    0.0420197   0.2295734   
4    0.0333096   0.2052219   
5    0.0238253   0.0913419   
6    0.0056680   0.0597393   
7    0.0035883   0.0008035   
8    0.0006087   0.0004999   
9    0.0003477   0.0000906   
10   0.0000000   0.0000497   
11   0.0000000   0.0000000   
12   0.0000000   0.0000000   
NEnergy= 9.2500515   Entries 13
0    0.0074815   0.0098593   
1    0.0309424   0.0734594   
2    0.0346264   0.1438338   
3    0.0398754   0.2359941   
4    0.0305079   0.2098515   
5    0.0217738   0.0914672   
6    0.0051111   0.0597600   
7    0.0032350   0.0007498   
8    0.0005572   0.0004663   
9    0.0003180   0.0000838   
10   0.0000000   0.0000460   
11   0.0000000   0.0000000   
12   0.0000000   0.0000000   
NEnergy= 9.1500515   Entries 13
0    0.0071453   0.0096177   
1    0.0295236   0.0722482   
2    0.0331066   0.1452298   
3    0.0377124   0.2428536   
4    0.0277830   0.2146468   
5    0.0197890   0.0912469   
6    0.0045906   0.0595538   
7    0.0029050   0.0006972   
8    0.0005080   0.0004333   
9    0.0002897   0.0000773   
10   0.0000000   0.0000424   
11   0.0000000   0.0000000   
12   0.0000000   0.0000000   
NEnergy= 9.0500515   Entries 13
0    0.0067962   0.0093683   
1    0.0280623   0.0709075   
2    0.0315532   0.1466031   
3    0.0355433   0.2501594   
4    0.0251488   0.2196064   
5    0.0178802   0.0906688   
6    0.0041082   0.0591134   
7    0.0025992   0.0006462   
8    0.0004614   0.0004014   
9    0.0002629   0.0000709   
10   0.0000000   0.0000389   
11   0.0000000   0.0000000   
12   0.0000000   0.0000000   
NEnergy= 8.9500515   Entries 13
0    0.0064358   0.0091104   
1    0.0265660   0.0694319   
2    0.0299778   0.1479441   
3    0.0333836   0.2578886   
4    0.0226209   0.2247100   
5    0.0160574   0.0897299   
6    0.0036642   0.0584381   
7    0.0023178   0.0005970   
8    0.0004176   0.0003707   
9    0.0002377   0.0000649   
10   0.0000000   0.0000355   
11   0.0000000   0.0000000   
12   0.0000000   0.0000000   
NEnergy= 8.8500515   Entries 13
0    0.0060672   0.0088448   
1    0.0250473   0.0678348   
2    0.0283937   0.1492541   
3    0.0312509   0.2659840   
4    0.0202165   0.2299138   
5    0.0143315   0.0884360   
6    0.0032585   0.0575321   
7    0.0020609   0.0005500   
8    0.0003768   0.0003413   
9    0.0002143   0.0000591   
10   0.0000000   0.0000324   
11   0.0000000   0.0000000   
12   0.0000000   0.0000000   
NEnergy= 8.7500515   Entries 13
0    0.0056953   0.0085753   
1    0.0235245   0.0661519   
2    0.0268169   0.1505461   
3    0.0291657   0.2743487   
4    0.0179539   0.2351484   
5    0.0127142   0.0868012   
6    0.0028905   0.0564058   
7    0.0018278   0.0005055   
8    0.0003390   0.0003135   
9    0.0001926   0.0000538   
10   0.0000000   0.0000294   
11   0.0000000   0.0000000   
12   0.0000000   0.0000000   
NEnergy= 8.6500515   Entries 13
0    0.0053268   0.0083089   
1    0.0220221   0.0644436   
2    0.0252661   0.1518453   
3    0.0271512   0.2828432   
4    0.0158519   0.2403163   
5    0.0112170   0.0848506   
6    0.0025591   0.0550760   
7    0.0016180   0.0004638   
8    0.0003043   0.0002875   
9    0.0001728   0.0000487   
10   0.0000000   0.0000266   
11   0.0000000   0.0000000   
12   0.0000000   0.0000000   
NEnergy= 8.5500515   Entries 13
0    0.0049699   0.0080560   
1    0.0205697   0.0627970   
2    0.0237640   0.1531883   
3    0.0252334   0.2912789   
4    0.0139285   0.2452908   
5    0.0098513   0.0826239   
6    0.0022635   0.0535694   
7    0.0014309   0.0004251   
8    0.0002729   0.0002634   
9    0.0001548   0.0000441   
10   0.0000000   0.0000241   
11   0.0000000   0.0000000   
12   0.0000000   0.0000000   
NEnergy= 8.4500515   Entries 13
0    0.0046340   0.0078308   
1    0.0192023   0.0613277   
2    0.0223379   0.1546227   
3    0.0234418   0.2994104   
4    0.0121997   0.2499119   
5    0.0086267   0.0801822   
6    0.0020030   0.0519260   
7    0.0012661   0.0003900   
8    0.0002448   0.0002415   
9    0.0001388   0.0000399   
10   0.0000000   0.0000218   
11   0.0000000   0.0000000   
12   0.0000000   0.0000000   
NEnergy= 8.3500515   Entries 13
0    0.0043296   0.0076519   
1    0.0179589   0.0601848   
2    0.0210209   0.1562071   
3    0.0218100   0.3069214   
4    0.0106784   0.2539808   
5    0.0075514   0.0776167   
6    0.0017772   0.0502057   
7    0.0011233   0.0003587   
8    0.0002202   0.0002221   
9    0.0001247   0.0000362   
10   0.0000000   0.0000198   
11   0.0000000   0.0000000   
12   0.0000000   0.0000000   
NEnergy= 8.2500515   Entries 13
0    0.0040682   0.0075432   
1    0.0168829   0.0595582   
2    0.0198537   0.1580138   
3    0.0203767   0.3134082   
4    0.0093736   0.2572518   
5    0.0066307   0.0750577   
6    0.0015859   0.0484929   
7    0.0010023   0.0003320   
8    0.0001991   0.0002054   
9    0.0001126   0.0000331   
10   0.0000000   0.0000180   
11   0.0000000   0.0000000   
12   0.0000000   0.0000000   
NEnergy= 8.1500515   Entries 13
0    0.0038617   0.0075349   
1    0.0160212   0.0596902   
2    0.0188837   0.1601361   
3    0.0191855   0.3183634   
4    0.0082902   0.2594226   
5    0.0058673   0.0726777   
6    0.0014292   0.0468991   
7    0.0009032   0.0003104   
8    0.0001818   0.0001920   
9    0.0001028   0.0000305   
10   0.0000000   0.0000166   
11   0.0000000   0.0000000   
12   0.0000000   0.0000000   
NEnergy= 8.0500515   Entries 13
0    0.0037227   0.0076658   
1    0.0154236   0.0608887   
2    0.0181644   0.1626998   
3    0.0182830   0.3211740   
4    0.0074285   0.2601311   
5    0.0052611   0.0706829   
6    0.0013071   0.0455569   
7    0.0008260   0.0002946   
8    0.0001685   0.0001822   
9    0.0000951   0.0000285   
10   0.0000000   0.0000155   
11   0.0000000   0.0000000   
12   0.0000000   0.0000000   
NEnergy= 7.9500515   Entries 13
0    0.0036637   0.0079837   
1    0.0151395   0.0635351   
2    0.0177489   0.1658806   
3    0.0177147   0.3211489   
4    0.0067835   0.2589656   
5    0.0048085   0.0692832   
6    0.0012196   0.0446008   
7    0.0007708   0.0002854   
8    0.0001593   0.0001764   
9    0.0000899   0.0000271   
10   0.0000000   0.0000148   
11   0.0000000   0.0000000   
12   0.0000000   0.0000000   
NEnergy= 7.8500515   Entries 13
0    0.0036959   0.0085451   
1    0.0152119   0.0680774   
2    0.0176800   0.1699180   
3    0.0175143   0.3175972   
4    0.0063440   0.2555022   
5    0.0045013   0.0686370   
6    0.0011662   0.0441314   
7    0.0007371   0.0002835   
8    0.0001543   0.0001752   
9    0.0000870   0.0000265   
10   0.0000000   0.0000144   
11   0.0000000   0.0000000   
12   0.0000000   0.0000000   
NEnergy= 7.7500515   Entries 13
0    0.0038264   0.0094105   
1    0.0156657   0.0749925   
2    0.0179751   0.1751169   
3    0.0176912   0.3099606   
4    0.0060908   0.2493746   
5    0.0043263   0.0687808   
6    0.0011449   0.0441707   
7    0.0007237   0.0002893   
8    0.0001536   0.0001788   
9    0.0000865   0.0000266   
10   0.0000000   0.0000145   
11   0.0000000   0.0000000   
12   0.0000000   0.0000000   
NEnergy= 7.6500515   Entries 13
0    0.0040546   0.0106358   
1    0.0164933   0.0847122   
2    0.0186107   0.1818202   
3    0.0182157   0.2979780   
4    0.0059957   0.2403690   
5    0.0042637   0.0695696   
6    0.0011522   0.0446239   
7    0.0007284   0.0003029   
8    0.0001566   0.0001871   
9    0.0000882   0.0000274   
10   0.0000000   0.0000149   
11   0.0000000   0.0000000   
12   0.0000000   0.0000000   
NEnergy= 7.5500515   Entries 13
0    0.0043686   0.0122591   
1    0.0176412   0.0975186   
2    0.0195123   0.1903450   
3    0.0190108   0.2818237   
4    0.0060215   0.2285173   
5    0.0042872   0.0706675   
6    0.0011824   0.0452749   
7    0.0007477   0.0003236   
8    0.0001629   0.0001998   
9    0.0000916   0.0000287   
10   0.0000000   0.0000156   
11   0.0000000   0.0000000   
12   0.0000000   0.0000000   
NEnergy= 7.4500515   Entries 13
0    0.0047432   0.0142879   
1    0.0190058   0.1134422   
2    0.0205590   0.2008936   
3    0.0199572   0.2621517   
4    0.0061248   0.2141463   
5    0.0043662   0.0716102   
6    0.0012279   0.0458261   
7    0.0007767   0.0003501   
8    0.0001715   0.0002162   
9    0.0000964   0.0000305   
10   0.0000000   0.0000165   
11   0.0000000   0.0000000   
12   0.0000000   0.0000000   
NEnergy= 7.3500515   Entries 13
0    0.0051418   0.0166907   
1    0.0204428   0.1322014   
2    0.0216041   0.2134689   
3    0.0209131   0.2400067   
4    0.0062612   0.1978552   
5    0.0044692   0.0719270   
6    0.0012805   0.0459776   
7    0.0008102   0.0003809   
8    0.0001814   0.0002352   
9    0.0001018   0.0000325   
10   0.0000000   0.0000176   
11   0.0000000   0.0000000   
12   0.0000000   0.0000000   
NEnergy= 7.2500515   Entries 13
0    0.0055227   0.0193974   
1    0.0217937   0.1532120   
2    0.0225066   0.2278299   
3    0.0217437   0.2166349   
4    0.0063917   0.1804229   
5    0.0045683   0.0712705   
6    0.0013321   0.0455092   
7    0.0008432   0.0004137   
8    0.0001913   0.0002554   
9    0.0001073   0.0000346   
10   0.0000000   0.0000187   
11   0.0000000   0.0000000   
12   0.0000000   0.0000000   
NEnergy= 7.1500515   Entries 13
0    0.0058486   0.0223068   
1    0.0229215   0.1756437   
2    0.0231609   0.2434891   
3    0.0223491   0.1932784   
4    0.0064880   0.1626931   
5    0.0046434   0.0695026   
6    0.0013764   0.0443351   
7    0.0008716   0.0004469   
8    0.0002004   0.0002759   
9    0.0001123   0.0000366   
10   0.0000000   0.0000198   
11   0.0000000   0.0000000   
12   0.0000000   0.0000000   
NEnergy= 7.0500515   Entries 13
0    0.0060991   0.0252915   
1    0.0237536   0.1984587   
2    0.0235196   0.2597095   
3    0.0226847   0.1710574   
4    0.0065379   0.1454990   
5    0.0046854   0.0667215   
6    0.0014099   0.0425205   
7    0.0008931   0.0004791   
8    0.0002080   0.0002958   
9    0.0001165   0.0000383   
10   0.0000000   0.0000207   
11   0.0000000   0.0000000   
12   0.0000000   0.0000000   
NEnergy= 6.9500515   Entries 13
0    0.0062858   0.0281907   
1    0.0243320   0.2203268   
2    0.0236138   0.2754141   
3    0.0227811   0.1510030   
4    0.0065511   0.1296890   
5    0.0047011   0.0632649   
6    0.0014338   0.0402823   
7    0.0009087   0.0005106   
8    0.0002144   0.0003152   
9    0.0001200   0.0000399   
10   0.0000000   0.0000215   
11   0.0000000   0.0000000   
12   0.0000000   0.0000000   
NEnergy= 6.8500515   Entries 13
0    0.0064745   0.0307748   
1    0.0248900   0.2393035   
2    0.0235975   0.2888922   
3    0.0227868   0.1342660   
4    0.0065725   0.1162867   
5    0.0047225   0.0597487   
6    0.0014575   0.0380133   
7    0.0009242   0.0005447   
8    0.0002209   0.0003363   
9    0.0001235   0.0000415   
10   0.0000000   0.0000224   
11   0.0000000   0.0000000   
12   0.0000000   0.0000000   
NEnergy= 6.7500515   Entries 13
0    0.0068244   0.0326684   
1    0.0259945   0.2521513   
2    0.0238526   0.2971807   
3    0.0230700   0.1224983   
4    0.0067104   0.1068069   
5    0.0048276   0.0572021   
6    0.0015054   0.0363678   
7    0.0009551   0.0005914   
8    0.0002312   0.0003651   
9    0.0001292   0.0000439   
10   0.0000000   0.0000237   
11   0.0000000   0.0000000   
12   0.0000000   0.0000000   
NEnergy= 6.6500515   Entries 13
0    0.0076728   0.0332083   
1    0.0288469   0.2531117   
2    0.0252017   0.2949316   
3    0.0244264   0.1184540   
4    0.0071920   0.1037698   
5    0.0051805   0.0573425   
6    0.0016302   0.0364358   
7    0.0010348   0.0006743   
8    0.0002537   0.0004164   
9    0.0001416   0.0000488   
10   0.0000000   0.0000263   
11   0.0000000   0.0000000   
12   0.0000000   0.0000000   
NEnergy= 6.5500515   Entries 13
0    0.0097406   0.0311420   
1    0.0360060   0.2313100   
2    0.0293716   0.2719922   
3    0.0285274   0.1271822   
4    0.0084810   0.1117380   
5    0.0061166   0.0631640   
6    0.0019407   0.0401168   
7    0.0012327   0.0008468   
8    0.0003060   0.0005229   
9    0.0001707   0.0000595   
10   0.0000000   0.0000320   
11   0.0000000   0.0000000   
12   0.0000000   0.0000000   
NEnergy= 6.4500515   Entries 13
0    0.0110517   0.0283664   
1    0.0412303   0.2041997   
2    0.0350348   0.2449352   
3    0.0340656   0.1394413   
4    0.0101128   0.1227093   
5    0.0073034   0.0705196   
6    0.0023325   0.0447780   
7    0.0014827   0.0010776   
8    0.0003730   0.0006654   
9    0.0002079   0.0000733   
10   0.0000000   0.0000395   
11   0.0000000   0.0000000   
12   0.0000000   0.0000000   
NEnergy= 6.3500515   Entries 13
0    0.0124895   0.0268868   
1    0.0465397   0.1893195   
2    0.0394396   0.2292035   
3    0.0383686   0.1438740   
4    0.0113204   0.1266747   
5    0.0081859   0.0737125   
6    0.0026324   0.0468000   
7    0.0016745   0.0012882   
8    0.0004265   0.0007955   
9    0.0002376   0.0000849   
10   0.0000000   0.0000457   
11   0.0000000   0.0000000   
12   0.0000000   0.0000000   
NEnergy= 6.2500515   Entries 13
0    0.0139217   0.0258414   
1    0.0517590   0.1786098   
2    0.0435463   0.2173875   
3    0.0423702   0.1457123   
4    0.0123827   0.1282599   
5    0.0089657   0.0753342   
6    0.0029011   0.0478341   
7    0.0018467   0.0015074   
8    0.0004762   0.0009310   
9    0.0002651   0.0000961   
10   0.0000000   0.0000516   
11   0.0000000   0.0000000   
12   0.0000000   0.0000000   
NEnergy= 6.1500515   Entries 13
0    0.0153672   0.0250252   
1    0.0569905   0.1701483   
2    0.0475548   0.2076943   
3    0.0462652   0.1461297   
4    0.0133609   0.1285193   
5    0.0096865   0.0760151   
6    0.0031520   0.0482826   
7    0.0020079   0.0017433   
8    0.0005242   0.0010766   
9    0.0002916   0.0001072   
10   0.0000000   0.0000576   
11   0.0000000   0.0000000   
12   0.0000000   0.0000000   
NEnergy= 6.0500515   Entries 13
0    0.0168383   0.0243459   
1    0.0622906   0.1630788   
2    0.0515454   0.1993241   
3    0.0501317   0.1456311   
4    0.0142787   0.1279179   
5    0.0103654   0.0760556   
6    0.0033899   0.0483381   
7    0.0021612   0.0020009   
8    0.0005711   0.0012358   
9    0.0003175   0.0001185   
10   0.0000000   0.0000637   
11   0.0000000   0.0000000   
12   0.0000000   0.0000000   
NEnergy= 5.9500515   Entries 13
0    0.0183432   0.0237518   
1    0.0676924   0.1569288   
2    0.0555588   0.1918351   
3    0.0540088   0.1444850   
4    0.0151473   0.1267096   
5    0.0110105   0.0756328   
6    0.0036170   0.0481151   
7    0.0023078   0.0022850   
8    0.0006173   0.0014112   
9    0.0003429   0.0001300   
10   0.0000000   0.0000698   
11   0.0000000   0.0000000   
12   0.0000000   0.0000000   
NEnergy= 5.8500515   Entries 13
0    0.0198870   0.0232110   
1    0.0732173   0.1514076   
2    0.0596182   0.1849554   
3    0.0579181   0.1428505   
4    0.0159722   0.1250490   
5    0.0116257   0.0748624   
6    0.0038338   0.0476888   
7    0.0024482   0.0026003   
8    0.0006628   0.0016058   
9    0.0003679   0.0001418   
10   0.0000000   0.0000761   
11   0.0000000   0.0000000   
12   0.0000000   0.0000000   
NEnergy= 5.7500515   Entries 13
0    0.0214736   0.0227021   
1    0.0788800   0.1463238   
2    0.0637373   0.1785058   
3    0.0618722   0.1408288   
4    0.0167558   0.1230369   
5    0.0122124   0.0738242   
6    0.0040407   0.0471121   
7    0.0025826   0.0029521   
8    0.0007077   0.0018229   
9    0.0003925   0.0001539   
10   0.0000000   0.0000825   
11   0.0000000   0.0000000   
12   0.0000000   0.0000000   
NEnergy= 5.6500515   Entries 13
0    0.0231060   0.0222103   
1    0.0846915   0.1415455   
2    0.0679241   0.1723625   
3    0.0658779   0.1384875   
4    0.0174989   0.1207420   
5    0.0127712   0.0725751   
6    0.0042371   0.0464236   
7    0.0027106   0.0033465   
8    0.0007517   0.0020661   
9    0.0004166   0.0001662   
10   0.0000000   0.0000891   
11   0.0000000   0.0000000   
12   0.0000000   0.0000000   
NEnergy= 5.5500515   Entries 13
0    0.0247866   0.0217247   
1    0.0906603   0.1369784   
2    0.0721831   0.1664372   
3    0.0699382   0.1358733   
4    0.0182006   0.1182126   
5    0.0133013   0.0711566   
6    0.0044225   0.0456525   
7    0.0028319   0.0037908   
8    0.0007948   0.0023400   
9    0.0004402   0.0001787   
10   0.0000000   0.0000958   
11   0.0000000   0.0000000   
12   0.0000000   0.0000000   
NEnergy= 5.4500515   Entries 13
0    0.0265174   0.0212376   
1    0.0967931   0.1325531   
2    0.0765157   0.1606650   
3    0.0740533   0.1330196   
4    0.0188598   0.1154836   
5    0.0138016   0.0695992   
6    0.0045961   0.0448219   
7    0.0029460   0.0042935   
8    0.0008367   0.0026496   
9    0.0004631   0.0001915   
10   0.0000000   0.0001026   
11   0.0000000   0.0000000   
12   0.0000000   0.0000000   
NEnergy= 5.3500515   Entries 13
0    0.0283004   0.0207429   
1    0.1030955   0.1282180   
2    0.0809210   0.1549974   
3    0.0782208   0.1299509   
4    0.0194743   0.1125809   
5    0.0142704   0.0679255   
6    0.0047570   0.0439501   
7    0.0030523   0.0048650   
8    0.0008772   0.0030012   
9    0.0004852   0.0002044   
10   0.0000000   0.0001095   
11   0.0000000   0.0000000   
12   0.0000000   0.0000000   
NEnergy= 5.2500515   Entries 13
0    0.0301369   0.0202360   
1    0.1095715   0.1239333   
2    0.0853956   0.1493973   
3    0.0824361   0.1266854   
4    0.0200416   0.1095236   
5    0.0147058   0.0661525   
6    0.0049041   0.0430532   
7    0.0031501   0.0055179   
8    0.0009161   0.0034026   
9    0.0005064   0.0002175   
10   0.0000000   0.0001165   
11   0.0000000   0.0000000   
12   0.0000000   0.0000000   
NEnergy= 5.1500515   Entries 13
0    0.0320282   0.0197133   
1    0.1162239   0.1196686   
2    0.0899336   0.1438359   
3    0.0866920   0.1232368   
4    0.0205588   0.1063261   
5    0.0151053   0.0642925   
6    0.0050363   0.0421453   
7    0.0032387   0.0062678   
8    0.0009531   0.0038632   
9    0.0005265   0.0002306   
10   0.0000000   0.0001234   
11   0.0000000   0.0000000   
12   0.0000000   0.0000000   
NEnergy= 5.0500515   Entries 13
0    0.0339752   0.0191720   
1    0.1230537   0.1153998   
2    0.0945263   0.1382908   
3    0.0909785   0.1196157   
4    0.0210225   0.1029993   
5    0.0154662   0.0623546   
6    0.0051524   0.0412400   
7    0.0033172   0.0071340   
8    0.0009878   0.0043947   
9    0.0005453   0.0002436   
10   0.0000000   0.0001304   
11   0.0000000   0.0000000   
12   0.0000000   0.0000000   
NEnergy= 4.9500515   Entries 13
0    0.0359780   0.0186099   
1    0.1300595   0.1111077   
2    0.0991614   0.1327439   
3    0.0952822   0.1158301   
4    0.0214288   0.0995514   
5    0.0157855   0.0603451   
6    0.0052511   0.0403513   
7    0.0033849   0.0081409   
8    0.0010200   0.0050118   
9    0.0005627   0.0002565   
10   0.0000000   0.0001373   
11   0.0000000   0.0000000   
12   0.0000000   0.0000000   
NEnergy= 4.8500515   Entries 13
0    0.0380363   0.0180251   
1    0.1372367   0.1067771   
2    0.1038227   0.1271805   
3    0.0995860   0.1118863   
4    0.0217733   0.0959884   
5    0.0160597   0.0582685   
6    0.0053311   0.0394943   
7    0.0034407   0.0093193   
8    0.0010492   0.0057332   
9    0.0005784   0.0002691   
10   0.0000000   0.0001440   
11   0.0000000   0.0000000   
12   0.0000000   0.0000000   
NEnergy= 4.7500515   Entries 13
0    0.0401484   0.0174161   
1    0.1445762   0.1023950   
2    0.1084886   0.1215885   
3    0.1038678   0.1077886   
4    0.0220514   0.0923145   
5    0.0162850   0.0561272   
6    0.0053909   0.0386870   
7    0.0034839   0.0107090   
8    0.0010750   0.0065830   
9    0.0005923   0.0002814   
10   0.0000000   0.0001506   
11   0.0000000   0.0000000   
12   0.0000000   0.0000000   
NEnergy= 4.6500515   Entries 13
0    0.0423110   0.0167815   
1    0.1520626   0.0979507   
2    0.1131309   0.1159572   
3    0.1080991   0.1035400   
4    0.0222574   0.0885323   
5    0.0164570   0.0539223   
6    0.0054290   0.0379510   
7    0.0035133   0.0123616   
8    0.0010971   0.0075923   
9    0.0006041   0.0002930   
10   0.0000000   0.0001568   
11   0.0000000   0.0000000   
12   0.0000000   0.0000000   
NEnergy= 4.5500515   Entries 13
0    0.0445185   0.0161201   
1    0.1596716   0.0934344   
2    0.1177127   0.1102769   
3    0.1122435   0.0991419   
4    0.0223851   0.0846428   
5    0.0165709   0.0516536   
6    0.0054437   0.0373137   
7    0.0035277   0.0143454   
8    0.0011148   0.0088027   
9    0.0006135   0.0003039   
10   0.0000000   0.0001626   
11   0.0000000   0.0000000   
12   0.0000000   0.0000000   
NEnergy= 4.4500515   Entries 13
0    0.0467616   0.0154307   
1    0.1673655   0.0888366   
2    0.1221855   0.1045376   
3    0.1162539   0.0945937   
4    0.0224271   0.0806451   
5    0.0166208   0.0493193   
6    0.0054333   0.0368113   
7    0.0035261   0.0167525   
8    0.0011277   0.0102695   
9    0.0006202   0.0003139   
10   0.0000000   0.0001679   
11   0.0000000   0.0000000   
12   0.0000000   0.0000000   
NEnergy= 4.3500515   Entries 13
0    0.0490260   0.0147117   
1    0.1750875   0.0841472   
2    0.1264849   0.0987286   
3    0.1200683   0.0898920   
4    0.0223748   0.0765359   
5    0.0166001   0.0469158   
6    0.0053958   0.0364927   
7    0.0035071   0.0197086   
8    0.0011351   0.0120690   
9    0.0006239   0.0003226   
10   0.0000000   0.0001726   
11   0.0000000   0.0000000   
12   0.0000000   0.0000000   
NEnergy= 4.25005   Entries 13
0    0.0512889   0.0139614   
1    0.1827512   0.0793539   
2    0.1305238   0.0928361   
3    0.1236043   0.0850301   
4    0.0222174   0.0723086   
5    0.0165004   0.0444372   
6    0.0053288   0.0364254   
7    0.0034689   0.0233897   
8    0.0011363   0.0143075   
9    0.0006242   0.0003297   
10   0.0000000   0.0001764   
11   0.0000000   0.0000000   
12   0.0000000   0.0000000   
NEnergy= 4.1500515   Entries 13
0    0.0535150   0.0131769   
1    0.1902250   0.0744405   
2    0.1341827   0.0868420   
3    0.1267495   0.0799953   
4    0.0219414   0.0679518   
5    0.0163114   0.0418744   
6    0.0052295   0.0367056   
7    0.0034097   0.0280472   
8    0.0011305   0.0171371   
9    0.0006206   0.0003350   
10   0.0000000   0.0001792   
11   0.0000000   0.0000000   
12   0.0000000   0.0000000   
NEnergy= 4.0500515   Entries 13
0    0.0556485   0.0123544   
1    0.1973049   0.0693838   
2    0.1372933   0.0807195   
3    0.1293471   0.0747663   
4    0.0215287   0.0634465   
5    0.0160193   0.0392136   
6    0.0050941   0.0374742   
7    0.0033270   0.0340504   
8    0.0011164   0.0207808   
9    0.0006126   0.0003378   
10   0.0000000   0.0001807   
11   0.0000000   0.0000000   
12   0.0000000   0.0000000   
NEnergy= 3.9500515   Entries 13
0    0.0576000   0.0114875   
1    0.2036692   0.0641489   
2    0.1396111   0.0744287   
3    0.1311703   0.0693083   
4    0.0209547   0.0587622   
5    0.0156055   0.0364331   
6    0.0049178   0.0389436   
7    0.0032173   0.0419563   
8    0.0010927   0.0255754   
9    0.0005993   0.0003376   
10   0.0000000   0.0001806   
11   0.0000000   0.0000000   
12   0.0000000   0.0000000   
NEnergy= 3.8500515   Entries 13
0    0.0592228   0.0105665   
1    0.2087975   0.0586812   
2    0.1407690   0.0679069   
3    0.1318810   0.0635636   
4    0.0201836   0.0538491   
5    0.0150430   0.0334992   
6    0.0046935   0.0414436   
7    0.0030760   0.0526307   
8    0.0010574   0.0320439   
9    0.0005796   0.0003335   
10   0.0000000   0.0001784   
11   0.0000000   0.0000000   
12   0.0000000   0.0000000   
NEnergy= 3.7500515   Entries 13
0    0.0602704   0.0095754   
1    0.2118244   0.0528938   
2    0.1401963   0.0610545   
3    0.1309550   0.0574385   
4    0.0191617   0.0486268   
5    0.0142913   0.0303582   
6    0.0044104   0.0455035   
7    0.0028957   0.0674614   
8    0.0010076   0.0410248   
9    0.0005520   0.0003245   
10   0.0000000   0.0001736   
11   0.0000000   0.0000000   
12   0.0000000   0.0000000   
NEnergy= 3.6500515   Entries 13
0    0.0603192   0.0084885   
1    0.2112753   0.0466472   
2    0.1369762   0.0537123   
3    0.1275534   0.0507806   
4    0.0178054   0.0429655   
5    0.0132880   0.0269247   
6    0.0040520   0.0519952   
7    0.0026653   0.0887293   
8    0.0009387   0.0538953   
9    0.0005140   0.0003086   
10   0.0000000   0.0001651   
11   0.0000000   0.0000000   
12   0.0000000   0.0000000   
NEnergy= 3.5500515   Entries 13
0    0.0586334   0.0072651   
1    0.2046110   0.0397247   
2    0.1296153   0.0456332   
3    0.1203136   0.0433510   
4    0.0159845   0.0366619   
5    0.0119353   0.0230653   
6    0.0035925   0.0623666   
7    0.0023675   0.1202065   
8    0.0008440   0.0729321   
9    0.0004619   0.0002832   
10   0.0000000   0.0001515   
11   0.0000000   0.0000000   
12   0.0000000   0.0000000   
NEnergy= 3.4500515   Entries 13
0    0.0539888   0.0058503   
1    0.1876412   0.0318335   
2    0.1157934   0.0364852   
3    0.1071285   0.0348247   
4    0.0135111   0.0294403   
5    0.0100929   0.0185987   
6    0.0029953   0.0788955   
7    0.0019778   0.1677790   
8    0.0007136   0.1016846   
9    0.0003904   0.0002444   
10   0.0000000   0.0001308   
11   0.0000000   0.0000000   
12   0.0000000   0.0000000   
NEnergy= 3.3500515   Entries 13
0    0.0447883   0.0042117   
1    0.1549739   0.0228095   
2    0.0928320   0.0260854   
3    0.0855917   0.0250143   
4    0.0102186   0.0211411   
5    0.0076359   0.0134135   
6    0.0022317   0.1042162   
7    0.0014766   0.2380885   
8    0.0005392   0.1441478   
9    0.0002948   0.0001884   
10   0.0000000   0.0001008   
11   0.0000000   0.0000000   
12   0.0000000   0.0000000   
NEnergy= 3.2500515   Entries 13
0    0.0312204   0.0025252   
1    0.1074993   0.0136133   
2    0.0622412   0.0155360   
3    0.0571843   0.0149664   
4    0.0064425   0.0126469   
5    0.0048152   0.0080603   
6    0.0013843   0.1367003   
7    0.0009178   0.3262199   
8    0.0003392   0.1973165   
9    0.0001854   0.0001209   
10   0.0000000   0.0000647   
11   0.0000000   0.0000000   
12   0.0000000   0.0000000   
NEnergy= 3.1500515   Entries 13
0    0.0220622   0.0015192   
1    0.0755549   0.0081535   
2    0.0420662   0.0092866   
3    0.0385078   0.0089867   
4    0.0040798   0.0075934   
5    0.0030497   0.0048622   
6    0.0008613   0.1578824   
7    0.0005722   0.3830335   
8    0.0002141   0.2314780   
9    0.0001169   0.0000778   
10   0.0000000   0.0000416   
11   0.0000000   0.0000000   
12   0.0000000   0.0000000   
NEnergy= 3.0500515   Entries 13
0    0.0318518   0.0018449   
1    0.1084271   0.0098596   
2    0.0576867   0.0112086   
3    0.0526087   0.0108951   
4    0.0052214   0.0092063   
5    0.0039030   0.0059235   
6    0.0010814   0.1417256   
7    0.0007200   0.3412147   
8    0.0002726   0.2060452   
9    0.0001488   0.0001010   
10   0.0000000   0.0000541   
11   0.0000000   0.0000000   
12   0.0000000   0.0000000   
NEnergy= 2.9500515   Entries 13
0    0.0557581   0.0026786   
1    0.1885417   0.0142553   
2    0.0951104   0.0161767   
3    0.0864034   0.0157939   
4    0.0079987   0.0133475   
5    0.0059782   0.0086310   
6    0.0016227   0.1021372   
7    0.0010827   0.2392351   
8    0.0004148   0.1443670   
9    0.0002264   0.0001567   
10   0.0000000   0.0000839   
11   0.0000000   0.0000000   
12   0.0000000   0.0000000   
NEnergy= 2.8500515   Entries 13
0    0.0794050   0.0031108   
1    0.2665073   0.0164881   
2    0.1262276   0.0186791   
3    0.1142171   0.0183171   
4    0.0098140   0.0154834   
5    0.0073330   0.0100638   
6    0.0019471   0.0674177   
7    0.0013020   0.1513353   
8    0.0005048   0.0912731   
9    0.0002754   0.0001943   
10   0.0000000   0.0001040   
11   0.0000000   0.0000000   
12   0.0000000   0.0000000   
NEnergy= 2.7500515   Entries 13
0    0.0986341   0.0030870   
1    0.3283005   0.0162980   
2    0.1441722   0.0184347   
3    0.1299234   0.0181560   
4    0.0103040   0.0153523   
5    0.0076961   0.0100315   
6    0.0019959   0.0442297   
7    0.0013377   0.0941567   
8    0.0005247   0.0567633   
9    0.0002862   0.0002058   
10   0.0000000   0.0001102   
11   0.0000000   0.0000000   
12   0.0000000   0.0000000   
NEnergy= 2.6500515   Entries 13
0    0.1147363   0.0027966   
1    0.3783577   0.0147087   
2    0.1515369   0.0166126   
3    0.1359909   0.0164322   
4    0.0098913   0.0139005   
5    0.0073839   0.0091324   
6    0.0018673   0.0294995   
7    0.0012543   0.0591659   
8    0.0004978   0.0356583   
9    0.0002714   0.0001989   
10   0.0000000   0.0001065   
11   0.0000000   0.0000000   
12   0.0000000   0.0000000   
NEnergy= 2.5500515   Entries 13
0    0.1295156   0.0023800   
1    0.4226777   0.0124717   
2    0.1510017   0.0140669   
3    0.1349327   0.0139739   
4    0.0089345   0.0118270   
5    0.0066651   0.0078134   
6    0.0016408   0.0199190   
7    0.0011047   0.0375098   
8    0.0004436   0.0226031   
9    0.0002417   0.0001804   
10   0.0000000   0.0000966   
11   0.0000000   0.0000000   
12   0.0000000   0.0000000   
NEnergy= 2.4500515   Entries 13
0    0.1443470   0.0019164   
1    0.4656624   0.0100062   
2    0.1438589   0.0112719   
3    0.1279903   0.0112452   
4    0.0076485   0.0095233   
5    0.0057012   0.0063273   
6    0.0013638   0.0134197   
7    0.0009203   0.0237008   
8    0.0003738   0.0142818   
9    0.0002036   0.0001547   
10   0.0000000   0.0000829   
11   0.0000000   0.0000000   
12   0.0000000   0.0000000   
NEnergy= 2.3500515   Entries 13
0    0.1602697   0.0014497   
1    0.5104665   0.0075434   
2    0.1303396   0.0084880   
3    0.1154477   0.0085038   
4    0.0061631   0.0072066   
5    0.0045895   0.0048160   
6    0.0010647   0.0088299   
7    0.0007202   0.0146339   
8    0.0002959   0.0088195   
9    0.0001611   0.0001246   
10   0.0000000   0.0000667   
11   0.0000000   0.0000000   
12   0.0000000   0.0000000   
NEnergy= 2.2500515   Entries 13
0    0.1781063   0.0010076   
1    0.5594522   0.0052255   
2    0.1100578   0.0058738   
3    0.0970435   0.0059096   
4    0.0045718   0.0050121   
5    0.0034007   0.0033693   
6    0.0007636   0.0054946   
7    0.0005178   0.0085599   
8    0.0002151   0.0051603   
9    0.0001171   0.0000921   
10   0.0000000   0.0000494   
11   0.0000000   0.0000000   
12   0.0000000   0.0000000   
NEnergy= 2.1500515   Entries 13
0    0.1983532   0.0006120   
1    0.6139948   0.0031637   
2    0.0826010   0.0035530   
3    0.0725002   0.0035896   
4    0.0029699   0.0030471   
5    0.0022063   0.0020607   
6    0.0004785   0.0030544   
7    0.0003252   0.0044838   
8    0.0001367   0.0027043   
9    0.0000744   0.0000595   
10   0.0000000   0.0000319   
11   0.0000000   0.0000000   
12   0.0000000   0.0000000   
