NEnergy= 15.2501   Entries 11
0    0.00758082  0.018113    
1    0.0635218   0.0820011   
2    0.0978133   0.10078     
3    0.0987057   0.102603    
4    0.0902041   0.0725759   
5    0.0451092   0.0725385   
6    0.0322141   0.0634888   
7    0.00836766  0.0394653   
8    0.00491734  0           
9    0           0           
10   0           0           
NEnergy= 15.1501   Entries 11
0    0.00767861  0.0181163   
1    0.0636639   0.0819925   
2    0.0973551   0.100448    
3    0.0979843   0.102163    
4    0.0897137   0.0724535   
5    0.045293    0.0728867   
6    0.0322902   0.0646742   
7    0.00824934  0.0401948   
8    0.00484317  0           
9    0           0           
10   0           0           
NEnergy= 15.0501   Entries 11
0    0.00777929  0.0181136   
1    0.063817    0.0819529   
2    0.0969066   0.100074    
3    0.0972839   0.101695    
4    0.0892498   0.0723391   
5    0.045506    0.0732382   
6    0.0323852   0.065847    
7    0.00812976  0.040915    
8    0.00476837  0           
9    0           0           
10   0           0           
NEnergy= 14.9501   Entries 11
0    0.00788264  0.0181051   
1    0.0639805   0.0818833   
2    0.0964688   0.099659    
3    0.0966067   0.101203    
4    0.088815    0.0722356   
5    0.04575     0.0735913   
6    0.0325      0.0669979   
7    0.00800896  0.0416197   
8    0.00469298  0           
9    0           0           
10   0           0           
NEnergy= 14.8501   Entries 11
0    0.00798841  0.0180909   
1    0.0641538   0.0817852   
2    0.0960425   0.0992068   
3    0.0959552   0.100689    
4    0.0884122   0.0721463   
5    0.0460266   0.0739441   
6    0.032636    0.0681163   
7    0.00788703  0.0423022   
8    0.00461704  0           
9    0           0           
10   0           0           
NEnergy= 14.7501   Entries 11
0    0.00809638  0.0180715   
1    0.0643366   0.0816598   
2    0.0956289   0.0987194   
3    0.0953324   0.100159    
4    0.0880443   0.0720745   
5    0.0463378   0.0742946   
6    0.0327943   0.0691907   
7    0.00776405  0.0429553   
8    0.00454063  0           
9    0           0           
10   0           0           
NEnergy= 14.6501   Entries 11
0    0.00820629  0.0180472   
1    0.0645285   0.0815088   
2    0.0952292   0.0981999   
3    0.094741    0.0996144   
4    0.0877146   0.0720241   
5    0.0466853   0.0746404   
6    0.0329762   0.0702088   
7    0.00764013  0.0435713   
8    0.0044638   0           
9    0           0           
10   0           0           
NEnergy= 14.5501   Entries 11
0    0.00831792  0.0180181   
1    0.0647291   0.081334    
2    0.0948447   0.0976512   
3    0.0941843   0.0990603   
4    0.0874265   0.0719988   
5    0.0470712   0.074979    
6    0.0331831   0.0711577   
7    0.00751536  0.044142    
8    0.00438662  0           
9    0           0           
10   0           0           
NEnergy= 14.4501   Entries 11
0    0.00843102  0.0179848   
1    0.064938    0.0811372   
2    0.0944769   0.0970765   
3    0.0936656   0.0985006   
4    0.0871834   0.0720025   
5    0.0474975   0.0753076   
6    0.0334164   0.0720239   
7    0.00738988  0.044659    
8    0.00430917  0           
9    0           0           
10   0           0           
NEnergy= 14.3501   Entries 11
0    0.00854534  0.0179474   
1    0.0651549   0.0809202   
2    0.0941273   0.0964793   
3    0.0931882   0.0979394   
4    0.086989    0.0720392   
5    0.0479663   0.0756233   
6    0.0336774   0.0727937   
7    0.0072638   0.0451138   
8    0.00423151  0           
9    0           0           
10   0           0           
NEnergy= 14.2501   Entries 11
0    0.00866061  0.0179065   
1    0.0653793   0.0806848   
2    0.0937972   0.0958628   
3    0.0927556   0.0973811   
4    0.086847    0.0721127   
5    0.0484795   0.0759234   
6    0.0339676   0.0734532   
7    0.00713724  0.0454977   
8    0.00415373  0           
9    0           0           
10   0           0           
NEnergy= 14.1501   Entries 11
0    0.00877657  0.0178622   
1    0.0656108   0.0804328   
2    0.093488    0.0952301   
3    0.0923714   0.0968298   
4    0.0867612   0.0722269   
5    0.0490392   0.0762048   
6    0.0342884   0.0739891   
7    0.00701029  0.0458026   
8    0.00407588  0           
9    0           0           
10   0           0           
NEnergy= 14.0501   Entries 11
0    0.0088929   0.0178149   
1    0.0658486   0.0801656   
2    0.0932012   0.0945845   
3    0.0920392   0.0962892   
4    0.0867352   0.0723852   
5    0.0496473   0.0764646   
6    0.0346411   0.0743885   
7    0.00688305  0.0460206   
8    0.00399802  0           
9    0           0           
10   0           0           
NEnergy= 13.9501   Entries 11
0    0.00900928  0.0177648   
1    0.0660921   0.0798847   
2    0.0929378   0.0939288   
3    0.0917625   0.0957632   
4    0.0867729   0.072591    
5    0.0503058   0.0767002   
6    0.035027    0.0746397   
7    0.0067556   0.0461446   
8    0.00392019  0           
9    0           0           
10   0           0           
NEnergy= 13.8501   Entries 11
0    0.00912534  0.0177119   
1    0.0663401   0.079591    
2    0.0926988   0.0932654   
3    0.0915448   0.095255    
4    0.0868777   0.072847    
5    0.0510162   0.0769089   
6    0.0354471   0.0747322   
7    0.00662798  0.0461682   
8    0.00384243  0           
9    0           0           
10   0           0           
NEnergy= 13.7501   Entries 11
0    0.00924068  0.0176565   
1    0.0665914   0.0792851   
2    0.0924849   0.0925966   
3    0.0913895   0.0947673   
4    0.0870531   0.0731554   
5    0.0517801   0.0770885   
6    0.0359026   0.0746571   
7    0.00650023  0.0460863   
8    0.00376475  0           
9    0           0           
10   0           0           
NEnergy= 13.6501   Entries 11
0    0.00935482  0.0175983   
1    0.0668444   0.0789674   
2    0.0922966   0.091924    
3    0.0912999   0.0943026   
4    0.0873023   0.073518    
5    0.0525987   0.0772368   
6    0.0363943   0.0744075   
7    0.00637233  0.0458948   
8    0.00368714  0           
9    0           0           
10   0           0           
NEnergy= 13.5501   Entries 11
0    0.00946727  0.0175374   
1    0.0670973   0.0786376   
2    0.0921339   0.091249    
3    0.0912792   0.0938625   
4    0.0876286   0.0739355   
5    0.0534728   0.0773523   
6    0.0369226   0.0739788   
7    0.00624426  0.0455913   
8    0.00360961  0           
9    0           0           
10   0           0           
NEnergy= 13.4501   Entries 11
0    0.00957743  0.0174734   
1    0.0673477   0.0782951   
2    0.0919969   0.0905724   
3    0.0913304   0.0934481   
4    0.0880346   0.074408    
5    0.0544032   0.0774335   
6    0.0374882   0.0733685   
7    0.00611598  0.0451745   
8    0.00353211  0           
9    0           0           
10   0           0           
NEnergy= 13.3501   Entries 11
0    0.00968469  0.017406    
1    0.0675933   0.0779389   
2    0.0918852   0.0898944   
3    0.0914566   0.0930597   
4    0.0885231   0.0749344   
5    0.0553898   0.0774793   
6    0.038091    0.0725766   
7    0.0059874   0.044645    
8    0.0034546   0           
9    0           0           
10   0           0           
NEnergy= 13.2501   Entries 11
0    0.00978836  0.0173349   
1    0.067831    0.0775674   
2    0.0917981   0.0892149   
3    0.0916607   0.0926971   
4    0.0890964   0.0755127   
5    0.0564325   0.0774889   
6    0.0387308   0.0716058   
7    0.00585845  0.0440048   
8    0.00337704  0           
9    0           0           
10   0           0           
NEnergy= 13.1501   Entries 11
0    0.0098877   0.0172595   
1    0.068058    0.0771787   
2    0.091735    0.0885335   
3    0.0919456   0.0923593   
4    0.0897567   0.0761398   
5    0.0575306   0.0774616   
6    0.0394073   0.070461    
7    0.00572901  0.0432573   
8    0.00329936  0           
9    0           0           
10   0           0           
NEnergy= 13.0501   Entries 11
0    0.00998193  0.0171791   
1    0.068271    0.0767708   
2    0.0916951   0.0878491   
3    0.0923142   0.0920445   
4    0.0905062   0.0768113   
5    0.0586829   0.077397    
6    0.0401195   0.0691493   
7    0.00559898  0.0424074   
8    0.00322151  0           
9    0           0           
10   0           0           
NEnergy= 12.9501   Entries 11
0    0.0100703   0.0170933   
1    0.0684665   0.076341    
2    0.0916775   0.0871607   
3    0.0927698   0.0917506   
4    0.0913467   0.0775215   
5    0.0598878   0.0772946   
6    0.0408665   0.0676801   
7    0.00546826  0.0414613   
8    0.00314342  0           
9    0           0           
10   0           0           
NEnergy= 12.8501   Entries 11
0    0.0101519   0.0170012   
1    0.0686411   0.0758868   
2    0.0916817   0.0864669   
3    0.0933156   0.0914745   
4    0.0922801   0.0782637   
5    0.0611431   0.0771537   
6    0.0416467   0.0660645   
7    0.00533677  0.0404264   
8    0.00306505  0           
9    0           0           
10   0           0           
NEnergy= 12.7501   Entries 11
0    0.0102259   0.0169023   
1    0.0687917   0.0754056   
2    0.0917072   0.0857661   
3    0.0939552   0.0912128   
4    0.0933082   0.0790296   
5    0.0624463   0.0769736   
6    0.0424585   0.0643153   
7    0.00520443  0.0393108   
8    0.00298637  0           
9    0           0           
10   0           0           
NEnergy= 12.6501   Entries 11
0    0.0102916   0.0167958   
1    0.0689149   0.0748947   
2    0.0917538   0.0850568   
3    0.0946925   0.0909614   
4    0.0944329   0.0798098   
5    0.0637944   0.0767531   
6    0.0432999   0.0624463   
7    0.0050712   0.0381235   
8    0.00290733  0           
9    0           0           
10   0           0           
NEnergy= 12.5501   Entries 11
0    0.0103483   0.0166812   
1    0.069008    0.0743515   
2    0.091822    0.0843374   
3    0.0955318   0.0907158   
4    0.0956559   0.0805934   
5    0.065184    0.0764909   
6    0.0441686   0.0604723   
7    0.00493705  0.0368739   
8    0.00282793  0           
9    0           0           
10   0           0           
NEnergy= 12.4501   Entries 11
0    0.0103951   0.0165578   
1    0.0690684   0.0737736   
2    0.0919124   0.0836065   
3    0.0964778   0.0904711   
4    0.0969795   0.0813686   
5    0.0666112   0.0761849   
6    0.045062    0.0584089   
7    0.00480201  0.0355719   
8    0.00274819  0           
9    0           0           
10   0           0           
NEnergy= 12.3501   Entries 11
0    0.0104316   0.016425    
1    0.0690941   0.073159    
2    0.0920265   0.0828626   
3    0.0975359   0.0902219   
4    0.0984056   0.0821223   
5    0.0680721   0.0758324   
6    0.0459775   0.0562719   
7    0.00466612  0.0342273   
8    0.00266813  0           
9    0           0           
10   0           0           
NEnergy= 12.2501   Entries 11
0    0.0104572   0.0162825   
1    0.0690836   0.0725057   
2    0.0921663   0.0821044   
3    0.0987119   0.0899625   
4    0.0999368   0.0828403   
5    0.0695622   0.0754304   
6    0.0469121   0.0540768   
7    0.00452947  0.0328502   
8    0.0025878   0           
9    0           0           
10   0           0           
NEnergy= 12.1501   Entries 11
0    0.0104714   0.01613     
1    0.0690358   0.0718123   
2    0.0923343   0.081331    
3    0.100012    0.089687    
4    0.101575    0.0835076   
5    0.0710768   0.074975    
6    0.0478628   0.0518393   
7    0.00439219  0.03145     
8    0.00250728  0           
9    0           0           
10   0           0           
NEnergy= 12.0501   Entries 11
0    0.0104741   0.0159671   
1    0.0689506   0.0710778   
2    0.092534    0.0805414   
3    0.101443    0.089389    
4    0.103324    0.0841083   
5    0.0726111   0.0744617   
6    0.0488263   0.0495742   
7    0.00425442  0.0300361   
8    0.00242665  0           
9    0           0           
10   0           0           
NEnergy= 11.9501   Entries 11
0    0.0104651   0.0157937   
1    0.0688282   0.0703013   
2    0.0927692   0.0797348   
3    0.103012    0.0890622   
4    0.105186    0.084626    
5    0.0741602   0.0738857   
6    0.0497993   0.0472961   
7    0.00411636  0.0286175   
8    0.00234601  0           
9    0           0           
10   0           0           
NEnergy= 11.8501   Entries 11
0    0.0104444   0.0156097   
1    0.0686698   0.0694827   
2    0.0930444   0.0789105   
3    0.104727    0.0886998   
4    0.107165    0.0850439   
5    0.0757189   0.0732413   
6    0.0507785   0.0450183   
7    0.00397821  0.0272023   
8    0.00226549  0           
9    0           0           
10   0           0           
NEnergy= 11.7501   Entries 11
0    0.0104121   0.0154153   
1    0.0684768   0.0686219   
2    0.0933647   0.0780679   
3    0.106597    0.088295    
4    0.109262    0.0853451   
5    0.0772821   0.0725227   
6    0.0517603   0.0427534   
7    0.00384019  0.0257983   
8    0.00218522  0           
9    0           0           
10   0           0           
NEnergy= 11.6501   Entries 11
0    0.0103684   0.0152105   
1    0.0682516   0.0677193   
2    0.0937356   0.0772065   
3    0.108629    0.087841    
4    0.111483    0.0855128   
5    0.0788446   0.0717236   
6    0.0527414   0.0405129   
7    0.00370256  0.0244124   
8    0.00210532  0           
9    0           0           
10   0           0           
NEnergy= 11.5501   Entries 11
0    0.010314    0.0149957   
1    0.0679969   0.0667755   
2    0.0941629   0.0763256   
3    0.110832    0.0873309   
4    0.11383     0.0855304   
5    0.0804013   0.0708379   
6    0.0537182   0.0383072   
7    0.00356555  0.0230509   
8    0.00202594  0           
9    0           0           
10   0           0           
NEnergy= 11.4501   Entries 11
0    0.0102492   0.014771    
1    0.0677158   0.0657915   
2    0.0946525   0.0754245   
3    0.113215    0.0867578   
4    0.116306    0.0853824   
5    0.0819469   0.0698591   
6    0.0546874   0.0361454   
7    0.00342942  0.0217193   
8    0.00194722  0           
9    0           0           
10   0           0           
NEnergy= 11.3501   Entries 11
0    0.0101747   0.0145369   
1    0.067412    0.0647684   
2    0.0952105   0.0745023   
3    0.115786    0.0861148   
4    0.118915    0.085054    
5    0.0834765   0.0687815   
6    0.0556455   0.0340356   
7    0.00329442  0.0204223   
8    0.00186929  0           
9    0           0           
10   0           0           
NEnergy= 11.2501   Entries 11
0    0.0100913   0.0142937   
1    0.0670891   0.0637071   
2    0.0958429   0.0735579   
3    0.118555    0.0853955   
4    0.121661    0.0845318   
5    0.084985    0.0675993   
6    0.0565891   0.0319846   
7    0.00316079  0.0191641   
8    0.0017923   0           
9    0           0           
10   0           0           
NEnergy= 11.1501   Entries 11
0    0.00999974  0.0140419   
1    0.0667511   0.0626092   
2    0.0965554   0.07259     
3    0.121529    0.0845933   
4    0.124545    0.083804    
5    0.0864676   0.0663078   
6    0.0575151   0.0299981   
7    0.00302876  0.0179478   
8    0.00171636  0           
9    0           0           
10   0           0           
NEnergy= 11.0501   Entries 11
0    0.00990101  0.0137818   
1    0.0664016   0.0614756   
2    0.0973532   0.0715968   
3    0.124717    0.0837024   
4    0.12757     0.0828611   
5    0.0879193   0.0649029   
6    0.0584201   0.0280808   
7    0.00289854  0.0167761   
8    0.0016416   0           
9    0           0           
10   0           0           
NEnergy= 10.9501   Entries 11
0    0.00979598  0.0135139   
1    0.0660445   0.0603076   
2    0.0982411   0.0705763   
3    0.128125    0.0827171   
4    0.130739    0.0816954   
5    0.0893356   0.0633816   
6    0.0593008   0.0262361   
7    0.00277034  0.0156511   
8    0.00156811  0           
9    0           0           
10   0           0           
NEnergy= 10.8501   Entries 11
0    0.0096856   0.0132386   
1    0.065683    0.0591062   
2    0.0992229   0.0695262   
3    0.131761    0.0816323   
4    0.134052    0.0803021   
5    0.0907116   0.0617424   
6    0.0601543   0.0244668   
7    0.00264435  0.0145741   
8    0.00149601  0           
9    0           0           
10   0           0           
NEnergy= 10.7501   Entries 11
0    0.00957079  0.0129562   
1    0.06532     0.0578723   
2    0.100302    0.0684434   
3    0.13563     0.0804435   
4    0.137512    0.0786791   
5    0.0920426   0.0599851   
6    0.0609771   0.0227746   
7    0.00252072  0.013546    
8    0.00142537  0           
9    0           0           
10   0           0           
NEnergy= 10.6501   Entries 11
0    0.00945244  0.0126671   
1    0.0649579   0.0566065   
2    0.101479    0.0673248   
3    0.139736    0.0791468   
4    0.141117    0.0768273   
5    0.093324    0.0581111   
6    0.0617663   0.0211604   
7    0.00239959  0.0125672   
8    0.00135628  0           
9    0           0           
10   0           0           
NEnergy= 10.5501   Entries 11
0    0.00933139  0.0123715   
1    0.0645983   0.0553094   
2    0.102756    0.0661669   
3    0.144085    0.0777394   
4    0.144867    0.0747508   
5    0.0945507   0.0561238   
6    0.0625184   0.0196244   
7    0.00228111  0.0116376   
8    0.00128878  0           
9    0           0           
10   0           0           
NEnergy= 10.4501   Entries 11
0    0.0092084   0.0120696   
1    0.0642419   0.0539813   
2    0.104132    0.0649656   
3    0.148677    0.076219    
4    0.14876     0.0724571   
5    0.095718    0.0540282   
6    0.0632301   0.0181664   
7    0.00216537  0.0107569   
8    0.00122295  0           
9    0           0           
10   0           0           
NEnergy= 10.3501   Entries 11
0    0.00908415  0.0117617   
1    0.0638887   0.0526221   
2    0.105605    0.0637168   
3    0.153515    0.0745845   
4    0.152794    0.0699568   
5    0.0968204   0.0518313   
6    0.063898    0.0167854   
7    0.00205246  0.00992428  
8    0.00115882  0           
9    0           0           
10   0           0           
NEnergy= 10.2501   Entries 11
0    0.00895918  0.0114477   
1    0.0635376   0.051232    
2    0.107171    0.0624163   
3    0.1586      0.0728357   
4    0.156966    0.067264    
5    0.0978524   0.0495422   
6    0.0645183   0.0154802   
7    0.00194245  0.00913888  
8    0.00109642  0           
9    0           0           
10   0           0           
NEnergy= 10.1501   Entries 11
0    0.00883394  0.0111279   
1    0.0631864   0.0498107   
2    0.108826    0.0610596   
3    0.16393     0.0709737   
4    0.16127     0.0643958   
5    0.0988081   0.0471716   
6    0.0650871   0.0142491   
7    0.00183541  0.0083995   
8    0.00103579  0           
9    0           0           
10   0           0           
NEnergy= 10.0501   Entries 11
0    0.0087087   0.0108021   
1    0.0628319   0.0483581   
2    0.110563    0.0596426   
3    0.169503    0.0690004   
4    0.165701    0.0613727   
5    0.099681    0.0447321   
6    0.0656002   0.0130902   
7    0.00173138  0.00770482  
8    0.000976926 0           
9    0           0           
10   0           0           
NEnergy= 9.95005   Entries 11
0    0.00858363  0.0104706   
1    0.0624698   0.0468739   
2    0.112373    0.058161    
3    0.175318    0.0669192   
4    0.170253    0.0582174   
5    0.100464    0.042238    
6    0.0660529   0.0120013   
7    0.00163039  0.00705338  
8    0.000919853 0           
9    0           0           
10   0           0           
NEnergy= 9.85005   Entries 11
0    0.00845871  0.0101332   
1    0.0620949   0.045358    
2    0.11425     0.0566114   
3    0.181369    0.0647347   
4    0.174919    0.0549554   
5    0.10115     0.039705    
6    0.0664403   0.0109801   
7    0.00153246  0.00644363  
8    0.000864573 0           
9    0           0           
10   0           0           
NEnergy= 9.75005   Entries 11
0    0.00833378  0.00979006  
1    0.0617008   0.0438107   
2    0.116181    0.0549907   
3    0.187652    0.0624526   
4    0.179691    0.0516141   
5    0.10173     0.0371498   
6    0.0667568   0.0100242   
7    0.00143763  0.00587397  
8    0.000811089 0           
9    0           0           
10   0           0           
NEnergy= 9.65005   Entries 11
0    0.00820857  0.00944125  
1    0.0612805   0.0422322   
2    0.118156    0.0532967   
3    0.194164    0.06008     
4    0.18456     0.0482223   
5    0.102194    0.0345902   
6    0.0669962   0.00913099  
7    0.0013459   0.00534273  
8    0.000759403 0           
9    0           0           
10   0           0           
NEnergy= 9.55005   Entries 11
0    0.00808265  0.00908693  
1    0.0608262   0.0406236   
2    0.120163    0.0515282   
3    0.200897    0.0576253   
4    0.189516    0.04481     
5    0.102532    0.0320445   
6    0.0671517   0.00829797  
7    0.00125729  0.00484825  
8    0.000709518 0           
9    0           0           
10   0           0           
NEnergy= 9.45005   Entries 11
0    0.00795736  0.00872859  
1    0.0603387   0.0389886   
2    0.12219     0.0496787   
3    0.207827    0.0550929   
4    0.19454     0.0414073   
5    0.102745    0.0295318   
6    0.0672247   0.0075248   
7    0.00117225  0.00439015  
8    0.000661671 0           
9    0           0           
10   0           0           
NEnergy= 9.35005   Entries 11
0    0.00782829  0.00836409  
1    0.0597919   0.0373247   
2    0.124227    0.0477636   
3    0.214987    0.052505    
4    0.199641    0.0380447   
5    0.102793    0.0270693   
6    0.0671877   0.00680424  
7    0.00108994  0.0039641   
8    0.00061539  0           
9    0           0           
10   0           0           
NEnergy= 9.25005   Entries 11
0    0.00769693  0.00799547  
1    0.0591884   0.0356381   
2    0.126262    0.0457797   
3    0.22235     0.0498688   
4    0.204796    0.0347513   
5    0.10267     0.0246753   
6    0.0670392   0.00613635  
7    0.00101087  0.00356995  
8    0.000570953 0           
9    0           0           
10   0           0           
NEnergy= 9.15005   Entries 11
0    0.00756287  0.00762363  
1    0.0585225   0.0339335   
2    0.128287    0.0437333   
3    0.22991     0.0471986   
4    0.209991    0.0315552   
5    0.10236     0.0223669   
6    0.0667669   0.00551881  
7    0.00093511  0.00320622  
8    0.00052839  0           
9    0           0           
10   0           0           
NEnergy= 9.05005   Entries 11
0    0.00742591  0.00724984  
1    0.0577914   0.0322174   
2    0.130297    0.0416331   
3    0.237657    0.0445107   
4    0.215209    0.0284829   
5    0.101838    0.0201599   
6    0.0663569   0.00494944  
7    0.000862748 0.00287149  
8    0.000487746 0           
9    0           0           
10   0           0           
NEnergy= 8.95005   Entries 11
0    0.00728627  0.00687581  
1    0.0569959   0.030498    
2    0.132287    0.0394912   
3    0.245577    0.0418233   
4    0.220429    0.0255582   
5    0.101082    0.0180689   
6    0.065794    0.00442624  
7    0.000793902 0.00256448  
8    0.000449083 0           
9    0           0           
10   0           0           
NEnergy= 8.85005   Entries 11
0    0.00714481  0.00650379  
1    0.0561428   0.0287862   
2    0.134259    0.0373236   
3    0.253647    0.0391573   
4    0.225625    0.0228026   
5    0.100067    0.0161064   
6    0.0650624   0.00394744  
7    0.000728721 0.00228403  
8    0.000412481 0           
9    0           0           
10   0           0           
NEnergy= 8.75005   Entries 11
0    0.00700336  0.00613672  
1    0.0552473   0.0270959   
2    0.136219    0.0351506   
3    0.261832    0.0365366   
4    0.230759    0.0202345   
5    0.0987677   0.0142835   
6    0.0641473   0.00351149  
7    0.000667396 0.00202913  
8    0.000378043 0           
9    0           0           
10   0           0           
NEnergy= 8.65005   Entries 11
0    0.00686514  0.00577843  
1    0.0543367   0.0254447   
2    0.138179    0.0329981   
3    0.270072    0.0339887   
4    0.235779    0.0178694   
5    0.0971687   0.0126093   
6    0.0630387   0.00311711  
7    0.000610164 0.00179892  
8    0.000345902 0           
9    0           0           
10   0           0           
NEnergy= 8.55005   Entries 11
0    0.00673544  0.00543382  
1    0.0534553   0.0238549   
2    0.140157    0.0308979   
3    0.278267    0.0315458   
4    0.240609    0.0157199   
5    0.0952677   0.011091    
6    0.0617362   0.00276334  
7    0.000557328 0.00159275  
8    0.000316227 0           
9    0           0           
10   0           0           
NEnergy= 8.45005   Entries 11
0    0.00662239  0.00510919  
1    0.0526706   0.0223544   
2    0.142176    0.0288894   
3    0.286259    0.0292456   
4    0.24514     0.0137958   
5    0.093089    0.00973445  
6    0.060256    0.00244954  
7    0.000509267 0.00141012  
8    0.000289234 0           
9    0           0           
10   0           0           
NEnergy= 8.35005   Entries 11
0    0.0065382   0.00481253  
1    0.0520832   0.0209782   
2    0.14427     0.0270203   
3    0.293805    0.0271322   
4    0.249217    0.0121044   
5    0.0906967   0.00854365  
6    0.0586406   0.0021754   
7    0.000466463 0.00125079  
8    0.000265197 0           
9    0           0           
10   0           0           
NEnergy= 8.25005   Entries 11
0    0.00650052  0.00455381  
1    0.0518372   0.0197692   
2    0.14648     0.0253474   
3    0.300551    0.0252573   
4    0.252625    0.0106506   
5    0.0882093   0.00752143  
6    0.0569671   0.00194099  
7    0.000429512 0.00111469  
8    0.000244461 0           
9    0           0           
10   0           0           
NEnergy= 8.15005   Entries 11
0    0.00653423  0.00434519  
1    0.0521342   0.0187785   
2    0.148865    0.0239362   
3    0.306007    0.0236793   
4    0.255078    0.00943711  
5    0.0858078   0.00666918  
6    0.0553526   0.00174666  
7    0.000399132 0.00100191  
8    0.000227438 0           
9    0           0           
10   0           0           
NEnergy= 8.05005   Entries 11
0    0.00667311  0.00420088  
1    0.0532456   0.0180649   
2    0.151511    0.0228582   
3    0.309548    0.0224612   
4    0.256216    0.00846362  
5    0.083727    0.00598649  
6    0.0539484   0.00159282  
7    0.000376142 0.000912626 
8    0.000214607 0           
9    0           0           
10   0           0           
NEnergy= 7.95005   Entries 11
0    0.00696096  0.00413629  
1    0.055521    0.0176903   
2    0.154549    0.0221842   
3    0.310448    0.0216639   
4    0.255617    0.00772566  
5    0.0822211   0.00547016  
6    0.0529176   0.00147965  
7    0.000361385 0.000846835 
8    0.00020646  0           
9    0           0           
10   0           0           
NEnergy= 7.85005   Entries 11
0    0.00745134  0.00416629  
1    0.0593845   0.017712    
2    0.158179    0.0219726   
3    0.307971    0.0213359   
4    0.252846    0.00721245  
5    0.0814962   0.00511271  
6    0.0523916   0.00140646  
7    0.000355595 0.000804059 
8    0.000203435 0           
9    0           0           
10   0           0           
NEnergy= 7.75005   Entries 11
0    0.0082048   0.00430237  
1    0.0653109   0.0181701   
2    0.162683    0.0222521   
3    0.301507    0.0214971   
4    0.247513    0.00690449  
5    0.081622    0.00490059  
6    0.0524137   0.00137099  
7    0.000359185 0.000782933 
8    0.000205788 0           
9    0           0           
10   0           0           
NEnergy= 7.65005   Entries 11
0    0.00928314  0.00454904  
1    0.0737781   0.0190725   
2    0.168432    0.0230032   
3    0.29073     0.0221221   
4    0.239363    0.00677173  
5    0.0824562   0.00481281  
6    0.0528911   0.00136877  
7    0.000372012 0.000780834 
8    0.000213461 0           
9    0           0           
10   0           0           
NEnergy= 7.55005   Entries 11
0    0.0107407   0.00490041  
1    0.0851963   0.0203813   
2    0.175841    0.0241426   
3    0.27572     0.0231263   
4    0.228346    0.00677346  
5    0.0836238   0.00482075  
6    0.0535821   0.00139278  
7    0.00039318  0.000793703 
8    0.000225964 0           
9    0           0           
10   0           0           
NEnergy= 7.45005   Entries 11
0    0.0126138   0.0053382   
1    0.0998224   0.0220057   
2    0.185302    0.0255196   
3    0.256992    0.0243637   
4    0.214664    0.00686081  
5    0.0845784   0.00488984  
6    0.0541368   0.00143374  
7    0.000420962 0.000816202 
8    0.000242328 0           
9    0           0           
10   0           0           
NEnergy= 7.35005   Entries 11
0    0.0149096   0.00583227  
1    0.117672    0.0238074   
2    0.197072    0.0269289   
3    0.235447    0.0256394   
4    0.198769    0.00698182  
5    0.0847366   0.00498316  
6    0.054183    0.00148101  
7    0.000452923 0.000842257 
8    0.000261168 0           
9    0           0           
10   0           0           
NEnergy= 7.25005   Entries 11
0    0.0175961   0.00634481  
1    0.138438    0.0256196   
2    0.211156    0.0281426   
3    0.212243    0.02674     
4    0.181337    0.00708862  
5    0.0836405   0.00506652  
6    0.0534301   0.00152421  
7    0.000486266 0.000865959 
8    0.000280885 0           
9    0           0           
10   0           0           
NEnergy= 7.15005   Entries 11
0    0.0205922   0.00683835  
1    0.161413    0.0272833   
2    0.227184    0.0289594   
3    0.188665    0.0274792   
4    0.163218    0.00714593  
5    0.0810946   0.00511453  
6    0.0517559   0.00155521  
7    0.000518427 0.000882704 
8    0.000299999 0           
9    0           0           
10   0           0           
NEnergy= 7.05005   Entries 11
0    0.0237579   0.00728847  
1    0.185408    0.0286992   
2    0.244296    0.0292666   
3    0.166034    0.0277548   
4    0.145403    0.00714053  
5    0.077249    0.00511755  
6    0.049259    0.00157052  
7    0.000547967 0.000890533 
8    0.000317676 0           
9    0           0           
10   0           0           
NEnergy= 6.95005   Entries 11
0    0.0268787   0.00770239  
1    0.20862     0.0298993   
2    0.261       0.0291093   
3    0.145689    0.0276135   
4    0.129021    0.0070924   
5    0.072631    0.00508968  
6    0.0462776   0.00157407  
7    0.000575875 0.000891696 
8    0.00033448  0           
9    0           0           
10   0           0           
NEnergy= 6.85005   Entries 11
0    0.0296371   0.0081472   
1    0.228393    0.0311495   
2    0.274942    0.0287672   
3    0.129083    0.0273222   
4    0.115412    0.00706977  
5    0.0681619   0.00507982  
6    0.0433991   0.00158089  
7    0.000607613 0.000894719 
8    0.000353585 0           
9    0           0           
10   0           0           
NEnergy= 6.75005   Entries 11
0    0.0315561   0.00879555  
1    0.240736    0.0331081   
2    0.282472    0.0288487   
3    0.118019    0.0274587   
4    0.106313    0.00721348  
5    0.0652138   0.00518938  
6    0.0414964   0.00162291  
7    0.000656623 0.000917653 
8    0.00038284  0           
9    0           0           
10   0           0           
NEnergy= 6.65005   Entries 11
0    0.0318951   0.0100031   
1    0.239445    0.0370928   
2    0.277835    0.0304431   
3    0.115088    0.0290605   
4    0.104216    0.00778     
5    0.0657679   0.00560355  
6    0.0418277   0.00175893  
7    0.000750736 0.000993655 
8    0.000438562 0           
9    0           0           
10   0           0           
NEnergy= 6.55005   Entries 11
0    0.0294837   0.0124131   
1    0.214675    0.0454649   
2    0.251857    0.0354277   
3    0.124301    0.0339191   
4    0.112906    0.00921398  
5    0.0727051   0.00664406  
6    0.0462221   0.0020912   
7    0.000943674 0.0011803   
8    0.000552348 0           
9    0           0           
10   0           0           
NEnergy= 6.45005   Entries 11
0    0.0265694   0.0133778   
1    0.186637    0.0498836   
2    0.223845    0.042131    
3    0.13616     0.0404169   
4    0.123881    0.0109832   
5    0.0809351   0.0079299   
6    0.0514448   0.00249784  
7    0.00119664  0.00140869  
8    0.000701879 0           
9    0           0           
10   0           0           
NEnergy= 6.35005   Entries 11
0    0.0250303   0.0146961   
1    0.171488    0.0549732   
2    0.207866    0.0471775   
3    0.140278    0.0453166   
4    0.127653    0.0122609   
5    0.0842327   0.0088624   
6    0.053538    0.00279467  
7    0.00142248  0.00157471  
8    0.000835967 0           
9    0           0           
10   0           0           
NEnergy= 6.25005   Entries 11
0    0.0239532   0.0160657   
1    0.160714    0.0601256   
2    0.19601     0.0518597   
3    0.141829    0.0498567   
4    0.128972    0.013376    
5    0.0856855   0.00967919  
6    0.0544694   0.00305358  
7    0.00165563  0.00171911  
8    0.000974879 0           
9    0           0           
10   0           0           
NEnergy= 6.15005   Entries 11
0    0.0231238   0.017476    
1    0.152327    0.0653651   
2    0.186411    0.0564203   
3    0.141963    0.0542697   
4    0.12891     0.0143957   
5    0.0860313   0.0104287   
6    0.0547104   0.00328944  
7    0.00190503  0.00185031  
8    0.00112389  0           
9    0           0           
10   0           0           
NEnergy= 6.05005   Entries 11
0    0.0224436   0.0189292   
1    0.145424    0.0707221   
2    0.178223    0.060956    
3    0.141174    0.0586475   
4    0.127947    0.0153469   
5    0.0856258   0.0111299   
6    0.0544888   0.00350802  
7    0.00217628  0.0019716   
8    0.00128636  0           
9    0           0           
10   0           0           
NEnergy= 5.95005   Entries 11
0    0.0218574   0.0204283   
1    0.139506    0.0762164   
2    0.170976    0.0655146   
3    0.13973     0.0630349   
4    0.126346    0.0162423   
5    0.0846803   0.0117922   
6    0.0539409   0.00371199  
7    0.00247429  0.00208451  
8    0.00146525  0           
9    0           0           
10   0           0           
NEnergy= 5.85005   Entries 11
0    0.0213303   0.0219749   
1    0.134263    0.0818599   
2    0.16438     0.0701211   
3    0.137787    0.0674547   
4    0.124269    0.0170884   
5    0.083334    0.0124199   
6    0.0531569   0.00390264  
7    0.00280405  0.00218979  
8    0.00166359  0           
9    0           0           
10   0           0           
NEnergy= 5.75005   Entries 11
0    0.0208395   0.0235705   
1    0.129492    0.0876598   
2    0.158246    0.0747885   
3    0.135449    0.0719179   
4    0.121824    0.0178883   
5    0.0816841   0.0130152   
6    0.0522009   0.0040805   
7    0.00317104  0.00228775  
8    0.0018847   0           
9    0           0           
10   0           0           
NEnergy= 5.65005   Entries 11
0    0.0203686   0.0252154   
1    0.125052    0.0936197   
2    0.152442    0.079522    
3    0.132784    0.0764282   
4    0.119086    0.018643    
5    0.0798008   0.0135788   
6    0.0511199   0.00424569  
7    0.00358151  0.00237848  
8    0.00213238  0           
9    0           0           
10   0           0           
NEnergy= 5.55005   Entries 11
0    0.0199063   0.0269101   
1    0.120843    0.0997411   
2    0.146876    0.0843221   
3    0.129844    0.0809844   
4    0.11611     0.0193524   
5    0.0777366   0.0141102   
6    0.0499501   0.00439806  
7    0.00404279  0.00246193  
8    0.0024111   0           
9    0           0           
10   0           0           
NEnergy= 5.45005   Entries 11
0    0.019444    0.0286543   
1    0.116792    0.106023    
2    0.14148     0.089185    
3    0.126664    0.0855814   
4    0.112935    0.0200154   
5    0.0755309   0.0146086   
6    0.0487201   0.0045373   
7    0.00456359  0.00253792  
8    0.00272616  0           
9    0           0           
10   0           0           
NEnergy= 5.35005   Entries 11
0    0.0189754   0.0304477   
1    0.112845    0.112464    
2    0.136205    0.0941038   
3    0.123276    0.0902108   
4    0.109595    0.02063     
5    0.0732142   0.0150724   
6    0.0474532   0.00466295  
7    0.00515441  0.00260625  
8    0.00308393  0           
9    0           0           
10   0           0           
NEnergy= 5.25005   Entries 11
0    0.0184958   0.0322894   
1    0.108959    0.11906     
2    0.131014    0.0990682   
3    0.119703    0.0948615   
4    0.106115    0.021194    
5    0.0708098   0.0154998   
6    0.0461696   0.00477449  
7    0.00582803  0.00266662  
8    0.00349218  0           
9    0           0           
10   0           0           
NEnergy= 5.15005   Entries 11
0    0.0180017   0.0341784   
1    0.105106    0.125805    
2    0.125879    0.104065    
3    0.115964    0.0995194   
4    0.102514    0.0217047   
5    0.0683361   0.0158886   
6    0.0448871   0.00487129  
7    0.00660016  0.00271871  
8    0.00396045  0           
9    0           0           
10   0           0           
NEnergy= 5.05005   Entries 11
0    0.0174905   0.0361133   
1    0.10126     0.132692    
2    0.120781    0.109078    
3    0.112076    0.104167    
4    0.0988105   0.0221588   
5    0.0658072   0.0162363   
6    0.0436225   0.00495269  
7    0.00749031  0.00276218  
8    0.0045006   0           
9    0           0           
10   0           0           
NEnergy= 4.95005   Entries 11
0    0.0169603   0.0380921   
1    0.0974038   0.139712    
2    0.115703    0.114087    
3    0.108054    0.108785    
4    0.0950176   0.0225526   
5    0.0632342   0.01654     
6    0.0423926   0.00501793  
7    0.008523    0.00279661  
8    0.00512749  0           
9    0           0           
10   0           0           
NEnergy= 4.85005   Entries 11
0    0.0164096   0.0401119   
1    0.0935236   0.14685     
2    0.110634    0.119068    
3    0.103911    0.113348    
4    0.0911471   0.0228822   
5    0.0606255   0.0167965   
6    0.0412153   0.0050662   
7    0.00972936  0.00282159  
8    0.00586002  0           
9    0           0           
10   0           0           
NEnergy= 4.75005   Entries 11
0    0.0158374   0.0421691   
1    0.0896082   0.154091    
2    0.105564    0.123991    
3    0.0996561   0.117827    
4    0.0872084   0.0231428   
5    0.0579871   0.0170023   
6    0.0401105   0.0050966   
7    0.0111494   0.00283662  
8    0.00672246  0           
9    0           0           
10   0           0           
NEnergy= 4.65005   Entries 11
0    0.0152429   0.0442584   
1    0.0856487   0.161411    
2    0.100485    0.128821    
3    0.095299    0.122187    
4    0.0832088   0.0233292   
5    0.0553232   0.0171533   
6    0.0391021   0.00510814  
7    0.0128354   0.00284118  
8    0.00774644  0           
9    0           0           
10   0           0           
NEnergy= 4.55005   Entries 11
0    0.0146255   0.0463724   
1    0.0816376   0.168777    
2    0.09539     0.133512    
3    0.0908464   0.126385    
4    0.0791536   0.0234353   
5    0.0526361   0.0172448   
6    0.0382192   0.00509969  
7    0.0148563   0.00283466  
8    0.0089738   0           
9    0           0           
10   0           0           
NEnergy= 4.45005   Entries 11
0    0.0139843   0.0485002   
1    0.0775674   0.176147    
2    0.0902726   0.138008    
3    0.0863024   0.130369    
4    0.0750456   0.023454    
5    0.049926    0.0172714   
6    0.0374997   0.00506994  
7    0.0173051   0.00281637  
8    0.0104608   0           
9    0           0           
10   0           0           
NEnergy= 4.35005   Entries 11
0    0.0133184   0.050626    
1    0.07343     0.183457    
2    0.0851238   0.142238    
3    0.0816681   0.13407     
4    0.0708847   0.0233766   
5    0.0471909   0.0172265   
6    0.0369936   0.00501735  
7    0.0203091   0.00278545  
8    0.0122846   0           
9    0           0           
10   0           0           
NEnergy= 4.25005   Entries 11
0    0.0126266   0.0527263   
1    0.0692154   0.190615    
2    0.0799325   0.146106    
3    0.0769402   0.1374      
4    0.0666668   0.0231924   
5    0.0444258   0.017102    
6    0.0367701   0.00494     
7    0.0240464   0.00274088  
8    0.014553    0           
9    0           0           
10   0           0           
