   0.25  0.220  3.00E+00 1.20E+01 1.20E+01 4.67E-01 1.30E+00 1.85E+00 2.04E+00 1.92E+00 1.58E+00 1.17E+00 7.77E-01 4.70E-01 2.59E-01 1.31E-01 6.03E-02 2.55E-02 9.93E-03 3.55E-03 1.17E-03 3.54E-04 9.88E-05 2.54E-05 6.02E-06 1.32E-06 2.65E-07 4.93E-08 8.45E-09 1.34E-09 1.95E-10 2.63E-11 3.28E-12 3.77E-13 4.00E-14 
   0.50  0.269  5.00E+00 7.97E+00 7.97E+00 2.03E-01 5.79E-01 8.71E-01 1.05E+00 1.10E+00 1.04E+00 9.00E-01 7.25E-01 5.45E-01 3.84E-01 2.54E-01 1.58E-01 9.29E-02 5.15E-02 2.70E-02 1.34E-02 6.26E-03 2.78E-03 1.17E-03 4.64E-04 1.75E-04 6.24E-05 2.11E-05 6.78E-06 2.06E-06 5.96E-07 1.63E-07 4.24E-08 1.04E-08 2.44E-09 
   0.75  0.305  8.89E+00 1.56E+01 1.56E+01 3.20E-01 9.20E-01 1.41E+00 1.75E+00 1.90E+00 1.89E+00 1.75E+00 1.51E+00 1.23E+00 9.49E-01 6.94E-01 4.83E-01 3.20E-01 2.02E-01 1.22E-01 7.02E-02 3.86E-02 2.03E-02 1.02E-02 4.92E-03 2.27E-03 1.00E-03 4.22E-04 1.71E-04 6.61E-05 2.45E-05 8.73E-06 2.97E-06 9.71E-07 3.04E-07 
   1.00  0.298  1.97E+01 4.33E+01 4.33E+01 7.67E-01 2.22E+00 3.45E+00 4.34E+00 4.84E+00 4.95E+00 4.73E+00 4.25E+00 3.63E+00 2.94E+00 2.28E+00 1.69E+00 1.20E+00 8.15E-01 5.32E-01 3.34E-01 2.01E-01 1.16E-01 6.49E-02 3.48E-02 1.80E-02 8.93E-03 4.28E-03 1.97E-03 8.75E-04 3.74E-04 1.54E-04 6.13E-05 2.35E-05 8.67E-06 
   1.25  0.249  4.57E+01 1.04E+02 1.04E+02 1.65E+00 4.78E+00 7.48E+00 9.52E+00 1.08E+01 1.12E+01 1.10E+01 1.01E+01 8.92E+00 7.49E+00 6.03E+00 4.65E+00 3.45E+00 2.47E+00 1.70E+00 1.13E+00 7.23E-01 4.47E-01 2.67E-01 1.54E-01 8.56E-02 4.61E-02 2.40E-02 1.21E-02 5.86E-03 2.76E-03 1.26E-03 5.53E-04 2.35E-04 9.69E-05 
   1.50  0.378  9.21E+01 1.85E+02 1.85E+02 2.68E+00 7.81E+00 1.23E+01 1.58E+01 1.80E+01 1.91E+01 1.89E+01 1.78E+01 1.60E+01 1.38E+01 1.14E+01 9.09E+00 6.98E+00 5.17E+00 3.70E+00 2.56E+00 1.71E+00 1.11E+00 6.96E-01 4.23E-01 2.49E-01 1.42E-01 7.86E-02 4.21E-02 2.19E-02 1.10E-02 5.40E-03 2.56E-03 1.18E-03 5.26E-04 
   1.75  0.466  1.71E+02 3.15E+02 3.15E+02 4.21E+00 1.23E+01 1.94E+01 2.51E+01 2.90E+01 3.10E+01 3.12E+01 2.98E+01 2.72E+01 2.39E+01 2.02E+01 1.65E+01 1.30E+01 9.87E+00 7.28E+00 5.20E+00 3.60E+00 2.42E+00 1.58E+00 9.99E-01 6.14E-01 3.66E-01 2.12E-01 1.20E-01 6.54E-02 3.48E-02 1.80E-02 9.04E-03 4.42E-03 2.10E-03 
   2.00  0.499  3.03E+02 5.29E+02 5.29E+02 6.63E+00 1.94E+01 3.07E+01 3.99E+01 4.64E+01 5.00E+01 5.08E+01 4.92E+01 4.56E+01 4.06E+01 3.49E+01 2.90E+01 2.33E+01 1.82E+01 1.37E+01 1.01E+01 7.16E+00 4.95E+00 3.33E+00 2.18E+00 1.38E+00 8.56E-01 5.15E-01 3.02E-01 1.72E-01 9.56E-02 5.17E-02 2.72E-02 1.39E-02 6.96E-03 
   2.25  0.428  5.73E+02 1.08E+03 1.08E+03 1.28E+01 3.75E+01 5.96E+01 7.77E+01 9.08E+01 9.86E+01 1.01E+02 9.88E+01 9.26E+01 8.36E+01 7.29E+01 6.15E+01 5.03E+01 3.99E+01 3.07E+01 2.30E+01 1.68E+01 1.19E+01 8.19E+00 5.50E+00 3.60E+00 2.29E+00 1.42E+00 8.62E-01 5.08E-01 2.92E-01 1.64E-01 8.97E-02 4.78E-02 2.49E-02 
   2.50  0.376  1.07E+03 1.99E+03 1.99E+03 2.23E+01 6.55E+01 1.04E+02 1.37E+02 1.60E+02 1.75E+02 1.81E+02 1.78E+02 1.69E+02 1.54E+02 1.36E+02 1.16E+02 9.63E+01 7.76E+01 6.08E+01 4.64E+01 3.44E+01 2.49E+01 1.75E+01 1.21E+01 8.08E+00 5.28E+00 3.36E+00 2.09E+00 1.27E+00 7.53E-01 4.36E-01 2.46E-01 1.36E-01 7.31E-02 
   2.75  0.415  1.98E+03 3.63E+03 3.63E+03 3.90E+01 1.14E+02 1.83E+02 2.40E+02 2.83E+02 3.10E+02 3.22E+02 3.20E+02 3.05E+02 2.81E+02 2.51E+02 2.17E+02 1.82E+02 1.49E+02 1.18E+02 9.15E+01 6.91E+01 5.08E+01 3.65E+01 2.56E+01 1.75E+01 1.17E+01 7.62E+00 4.85E+00 3.02E+00 1.84E+00 1.09E+00 6.34E-01 3.60E-01 2.00E-01 
   3.00  0.415  3.64E+03 6.63E+03 6.63E+03 6.81E+01 2.00E+02 3.20E+02 4.21E+02 4.99E+02 5.50E+02 5.74E+02 5.73E+02 5.51E+02 5.12E+02 4.60E+02 4.02E+02 3.41E+02 2.82E+02 2.27E+02 1.78E+02 1.36E+02 1.02E+02 7.44E+01 5.30E+01 3.69E+01 2.51E+01 1.67E+01 1.09E+01 6.91E+00 4.30E+00 2.61E+00 1.56E+00 9.06E-01 5.16E-01 
   3.25  0.415  6.65E+03 1.20E+04 1.20E+04 1.19E+02 3.50E+02 5.61E+02 7.40E+02 8.79E+02 9.73E+02 1.02E+03 1.03E+03 9.92E+02 9.27E+02 8.41E+02 7.41E+02 6.35E+02 5.30E+02 4.31E+02 3.43E+02 2.66E+02 2.01E+02 1.49E+02 1.08E+02 7.62E+01 5.27E+01 3.57E+01 2.36E+01 1.53E+01 9.72E+00 6.04E+00 3.67E+00 2.18E+00 1.27E+00 
   3.50  0.415  1.21E+04 2.19E+04 2.19E+04 2.08E+02 6.13E+02 9.84E+02 1.30E+03 1.55E+03 1.72E+03 1.81E+03 1.83E+03 1.78E+03 1.68E+03 1.53E+03 1.36E+03 1.17E+03 9.89E+02 8.13E+02 6.53E+02 5.12E+02 3.92E+02 2.94E+02 2.16E+02 1.55E+02 1.09E+02 7.47E+01 5.03E+01 3.32E+01 2.14E+01 1.35E+01 8.39E+00 5.09E+00 3.03E+00 
   3.75  0.415  2.22E+04 4.02E+04 4.02E+04 3.70E+02 1.09E+03 1.75E+03 2.32E+03 2.77E+03 3.09E+03 3.27E+03 3.31E+03 3.24E+03 3.06E+03 2.82E+03 2.52E+03 2.19E+03 1.86E+03 1.54E+03 1.25E+03 9.92E+02 7.68E+02 5.83E+02 4.32E+02 3.14E+02 2.24E+02 1.56E+02 1.06E+02 7.13E+01 4.68E+01 3.01E+01 1.90E+01 1.17E+01 7.10E+00 
   4.00  0.415  4.06E+04 7.37E+04 7.37E+04 6.58E+02 1.94E+03 3.12E+03 4.14E+03 4.95E+03 5.53E+03 5.87E+03 5.98E+03 5.87E+03 5.59E+03 5.16E+03 4.65E+03 4.07E+03 3.49E+03 2.92E+03 2.38E+03 1.91E+03 1.49E+03 1.14E+03 8.57E+02 6.30E+02 4.54E+02 3.20E+02 2.22E+02 1.50E+02 1.00E+02 6.54E+01 4.18E+01 2.63E+01 1.62E+01 
   4.25  0.415  7.43E+04 1.35E+05 1.35E+05 1.17E+03 3.45E+03 5.55E+03 7.37E+03 8.84E+03 9.91E+03 1.06E+04 1.08E+04 1.06E+04 1.02E+04 9.44E+03 8.55E+03 7.54E+03 6.50E+03 5.47E+03 4.51E+03 3.64E+03 2.87E+03 2.22E+03 1.68E+03 1.25E+03 9.10E+02 6.50E+02 4.55E+02 3.13E+02 2.11E+02 1.40E+02 9.06E+01 5.77E+01 3.61E+01 
   4.50  0.415  1.36E+05 2.46E+05 2.46E+05 2.08E+03 6.12E+03 9.87E+03 1.31E+04 1.58E+04 1.77E+04 1.89E+04 1.94E+04 1.92E+04 1.84E+04 1.72E+04 1.57E+04 1.39E+04 1.21E+04 1.02E+04 8.48E+03 6.89E+03 5.48E+03 4.28E+03 3.27E+03 2.45E+03 1.80E+03 1.30E+03 9.22E+02 6.41E+02 4.38E+02 2.93E+02 1.93E+02 1.25E+02 7.90E+01 
   4.75  0.415  2.48E+05 4.49E+05 4.49E+05 3.68E+03 1.09E+04 1.75E+04 2.33E+04 2.81E+04 3.16E+04 3.39E+04 3.48E+04 3.46E+04 3.34E+04 3.13E+04 2.86E+04 2.55E+04 2.23E+04 1.90E+04 1.59E+04 1.30E+04 1.04E+04 8.18E+03 6.31E+03 4.77E+03 3.54E+03 2.58E+03 1.85E+03 1.30E+03 8.96E+02 6.07E+02 4.04E+02 2.64E+02 1.70E+02 
   5.00  0.415  4.52E+05 8.14E+05 8.14E+05 6.52E+03 1.92E+04 3.11E+04 4.14E+04 5.00E+04 5.64E+04 6.05E+04 6.24E+04 6.22E+04 6.02E+04 5.67E+04 5.20E+04 4.66E+04 4.09E+04 3.51E+04 2.95E+04 2.43E+04 1.96E+04 1.55E+04 1.21E+04 9.21E+03 6.89E+03 5.07E+03 3.66E+03 2.60E+03 1.81E+03 1.24E+03 8.34E+02 5.52E+02 3.59E+02 
   5.50  0.415  1.82E+06 2.73E+06 2.73E+06 2.09E+04 6.17E+04 9.97E+04 1.33E+05 1.61E+05 1.82E+05 1.97E+05 2.04E+05 2.04E+05 1.99E+05 1.89E+05 1.75E+05 1.58E+05 1.40E+05 1.21E+05 1.03E+05 8.59E+04 7.02E+04 5.63E+04 4.44E+04 3.44E+04 2.61E+04 1.95E+04 1.43E+04 1.04E+04 7.35E+03 5.13E+03 3.52E+03 2.38E+03 1.58E+03 
   6.00  0.415  6.39E+06 9.15E+06 9.15E+06 6.70E+04 1.98E+05 3.21E+05 4.30E+05 5.21E+05 5.91E+05 6.40E+05 6.66E+05 6.72E+05 6.58E+05 6.28E+05 5.85E+05 5.33E+05 4.76E+05 4.16E+05 3.57E+05 3.01E+05 2.49E+05 2.02E+05 1.61E+05 1.26E+05 9.72E+04 7.37E+04 5.49E+04 4.03E+04 2.90E+04 2.06E+04 1.44E+04 9.89E+03 6.69E+03 
   6.50  0.415  2.16E+07 3.03E+07 3.03E+07 2.14E+05 6.32E+05 1.02E+06 1.37E+06 1.67E+06 1.90E+06 2.07E+06 2.16E+06 2.19E+06 2.15E+06 2.07E+06 1.94E+06 1.78E+06 1.60E+06 1.41E+06 1.22E+06 1.04E+06 8.64E+05 7.08E+05 5.71E+05 4.53E+05 3.53E+05 2.71E+05 2.05E+05 1.52E+05 1.11E+05 8.01E+04 5.68E+04 3.96E+04 2.73E+04 
   7.00  0.415  7.22E+07 1.01E+08 1.01E+08 6.87E+05 2.03E+06 3.30E+06 4.43E+06 5.40E+06 6.16E+06 6.71E+06 7.04E+06 7.16E+06 7.08E+06 6.83E+06 6.44E+06 5.94E+06 5.38E+06 4.78E+06 4.16E+06 3.56E+06 3.00E+06 2.48E+06 2.02E+06 1.62E+06 1.28E+06 9.89E+05 7.56E+05 5.68E+05 4.21E+05 3.07E+05 2.21E+05 1.56E+05 1.09E+05 
   7.50  0.415  2.42E+08 3.40E+08 3.40E+08 2.23E+06 6.60E+06 1.07E+07 1.44E+07 1.76E+07 2.01E+07 2.20E+07 2.32E+07 2.36E+07 2.34E+07 2.27E+07 2.15E+07 2.00E+07 1.82E+07 1.63E+07 1.43E+07 1.23E+07 1.04E+07 8.71E+06 7.15E+06 5.78E+06 4.60E+06 3.60E+06 2.78E+06 2.11E+06 1.58E+06 1.17E+06 8.50E+05 6.10E+05 4.31E+05 
   8.00  0.415  8.07E+08 1.13E+09 1.13E+09 7.19E+06 2.13E+07 3.46E+07 4.66E+07 5.70E+07 6.53E+07 7.15E+07 7.55E+07 7.72E+07 7.70E+07 7.49E+07 7.13E+07 6.65E+07 6.09E+07 5.47E+07 4.83E+07 4.19E+07 3.58E+07 3.01E+07 2.49E+07 2.03E+07 1.63E+07 1.29E+07 1.00E+07 7.70E+06 5.83E+06 4.35E+06 3.20E+06 2.32E+06 1.66E+06 
   8.50  0.415  2.68E+09 3.74E+09 3.74E+09 2.31E+07 6.85E+07 1.11E+08 1.50E+08 1.84E+08 2.11E+08 2.32E+08 2.45E+08 2.52E+08 2.52E+08 2.46E+08 2.35E+08 2.20E+08 2.03E+08 1.83E+08 1.62E+08 1.42E+08 1.22E+08 1.03E+08 8.60E+07 7.06E+07 5.71E+07 4.55E+07 3.58E+07 2.77E+07 2.12E+07 1.59E+07 1.18E+07 8.68E+06 6.28E+06 
   9.00  0.415  8.98E+09 1.26E+10 1.26E+10 7.57E+07 2.24E+08 3.65E+08 4.93E+08 6.04E+08 6.95E+08 7.64E+08 8.11E+08 8.35E+08 8.37E+08 8.20E+08 7.87E+08 7.40E+08 6.84E+08 6.21E+08 5.54E+08 4.86E+08 4.21E+08 3.58E+08 3.00E+08 2.48E+08 2.02E+08 1.62E+08 1.29E+08 1.00E+08 7.74E+07 5.88E+07 4.41E+07 3.26E+07 2.38E+07 
   9.50  0.415  3.00E+10 4.20E+10 4.20E+10 2.46E+08 7.29E+08 1.19E+09 1.60E+09 1.97E+09 2.27E+09 2.50E+09 2.66E+09 2.74E+09 2.76E+09 2.71E+09 2.61E+09 2.46E+09 2.29E+09 2.08E+09 1.87E+09 1.65E+09 1.43E+09 1.23E+09 1.04E+09 8.61E+08 7.06E+08 5.71E+08 4.56E+08 3.59E+08 2.78E+08 2.13E+08 1.61E+08 1.20E+08 8.88E+07 
  10.00  0.415  9.93E+10 1.39E+11 1.39E+11 7.91E+08 2.35E+09 3.82E+09 5.17E+09 6.35E+09 7.33E+09 8.09E+09 8.61E+09 8.91E+09 8.98E+09 8.86E+09 8.56E+09 8.11E+09 7.55E+09 6.91E+09 6.22E+09 5.52E+09 4.82E+09 4.15E+09 3.52E+09 2.94E+09 2.43E+09 1.98E+09 1.59E+09 1.26E+09 9.84E+08 7.60E+08 5.79E+08 4.36E+08 3.24E+08 
  11.00  0.415  1.66E+12 1.56E+12 1.56E+12 8.51E+09 2.52E+10 4.12E+10 5.58E+10 6.86E+10 7.95E+10 8.79E+10 9.40E+10 9.77E+10 9.89E+10 9.81E+10 9.53E+10 9.09E+10 8.52E+10 7.85E+10 7.13E+10 6.37E+10 5.61E+10 4.88E+10 4.18E+10 3.53E+10 2.95E+10 2.43E+10 1.97E+10 1.58E+10 1.25E+10 9.82E+09 7.59E+09 5.80E+09 4.37E+09 
  12.00  0.415  1.90E+13 1.73E+13 1.73E+13 9.03E+10 2.68E+11 4.38E+11 5.94E+11 7.32E+11 8.49E+11 9.43E+11 1.01E+12 1.05E+12 1.07E+12 1.07E+12 1.04E+12 1.00E+12 9.42E+11 8.75E+11 7.99E+11 7.20E+11 6.39E+11 5.60E+11 4.84E+11 4.13E+11 3.48E+11 2.89E+11 2.37E+11 1.93E+11 1.54E+11 1.22E+11 9.57E+10 7.40E+10 5.66E+10 
  13.00  0.415  2.12E+14 1.93E+14 1.93E+14 9.66E+11 2.87E+12 4.69E+12 6.37E+12 7.86E+12 9.14E+12 1.02E+13 1.09E+13 1.14E+13 1.17E+13 1.17E+13 1.15E+13 1.10E+13 1.05E+13 9.76E+12 8.97E+12 8.13E+12 7.27E+12 6.42E+12 5.59E+12 4.80E+12 4.08E+12 3.42E+12 2.84E+12 2.33E+12 1.88E+12 1.51E+12 1.19E+12 9.33E+11 7.21E+11 
  14.00  0.415  2.37E+15 2.15E+15 2.15E+15 1.04E+13 3.10E+13 5.06E+13 6.88E+13 8.51E+13 9.91E+13 1.11E+14 1.19E+14 1.25E+14 1.28E+14 1.28E+14 1.26E+14 1.22E+14 1.17E+14 1.09E+14 1.01E+14 9.21E+13 8.29E+13 7.36E+13 6.45E+13 5.59E+13 4.78E+13 4.04E+13 3.38E+13 2.79E+13 2.28E+13 1.84E+13 1.47E+13 1.16E+13 9.09E+12 
  15.00  0.415  2.61E+16 2.37E+16 2.37E+16 1.11E+14 3.30E+14 5.39E+14 7.34E+14 9.09E+14 1.06E+15 1.19E+15 1.28E+15 1.35E+15 1.38E+15 1.39E+15 1.38E+15 1.34E+15 1.28E+15 1.20E+15 1.12E+15 1.02E+15 9.27E+14 8.28E+14 7.30E+14 6.37E+14 5.49E+14 4.67E+14 3.93E+14 3.28E+14 2.70E+14 2.20E+14 1.77E+14 1.41E+14 1.11E+14 
  16.00  0.415  2.93E+17 2.67E+17 2.67E+17 1.21E+15 3.59E+15 5.88E+15 8.01E+15 9.93E+15 1.16E+16 1.30E+16 1.41E+16 1.48E+16 1.53E+16 1.54E+16 1.53E+16 1.49E+16 1.43E+16 1.35E+16 1.26E+16 1.16E+16 1.06E+16 9.48E+15 8.41E+15 7.37E+15 6.39E+15 5.48E+15 4.64E+15 3.89E+15 3.23E+15 2.65E+15 2.15E+15 1.73E+15 1.38E+15 
  17.00  0.415  3.25E+18 2.96E+18 2.96E+18 1.30E+16 3.87E+16 6.34E+16 8.65E+16 1.07E+17 1.26E+17 1.41E+17 1.53E+17 1.61E+17 1.67E+17 1.69E+17 1.68E+17 1.64E+17 1.58E+17 1.50E+17 1.40E+17 1.30E+17 1.19E+17 1.07E+17 9.53E+16 8.40E+16 7.33E+16 6.32E+16 5.39E+16 4.55E+16 3.80E+16 3.14E+16 2.57E+16 2.08E+16 1.67E+16 
  18.00  0.415  3.61E+19 3.28E+19 3.28E+19 1.40E+17 4.17E+17 6.84E+17 9.33E+17 1.16E+18 1.36E+18 1.52E+18 1.66E+18 1.75E+18 1.81E+18 1.84E+18 1.83E+18 1.80E+18 1.74E+18 1.66E+18 1.56E+18 1.45E+18 1.33E+18 1.20E+18 1.08E+18 9.53E+17 8.35E+17 7.24E+17 6.21E+17 5.27E+17 4.43E+17 3.68E+17 3.03E+17 2.47E+17 2.00E+17 
  19.00  0.415  4.04E+20 3.68E+20 3.68E+20 1.53E+18 4.56E+18 7.47E+18 1.02E+19 1.27E+19 1.49E+19 1.67E+19 1.82E+19 1.93E+19 2.00E+19 2.03E+19 2.03E+19 2.00E+19 1.94E+19 1.85E+19 1.75E+19 1.63E+19 1.50E+19 1.36E+19 1.23E+19 1.09E+19 9.60E+18 8.37E+18 7.21E+18 6.16E+18 5.20E+18 4.35E+18 3.61E+18 2.96E+18 2.41E+18 
  20.00  0.415  4.47E+21 4.06E+21 4.06E+21 1.65E+19 4.91E+19 8.05E+19 1.10E+20 1.37E+20 1.61E+20 1.81E+20 1.97E+20 2.09E+20 2.17E+20 2.22E+20 2.22E+20 2.19E+20 2.13E+20 2.04E+20 1.93E+20 1.80E+20 1.66E+20 1.52E+20 1.37E+20 1.23E+20 1.08E+20 9.49E+19 8.22E+19 7.05E+19 5.99E+19 5.04E+19 4.20E+19 3.47E+19 2.83E+19 
  22.50  0.415  4.23E+24 1.69E+24 1.69E+24 6.48E+21 1.93E+22 3.17E+22 4.33E+22 5.40E+22 6.36E+22 7.17E+22 7.84E+22 8.36E+22 8.72E+22 8.93E+22 8.99E+22 8.91E+22 8.71E+22 8.40E+22 8.00E+22 7.54E+22 7.01E+22 6.46E+22 5.88E+22 5.31E+22 4.74E+22 4.19E+22 3.67E+22 3.18E+22 2.73E+22 2.33E+22 1.96E+22 1.64E+22 1.36E+22 
  25.00  0.415  1.74E+27 6.95E+26 6.95E+26 2.53E+24 7.54E+24 1.24E+25 1.70E+25 2.12E+25 2.50E+25 2.82E+25 3.10E+25 3.31E+25 3.46E+25 3.56E+25 3.60E+25 3.58E+25 3.52E+25 3.42E+25 3.27E+25 3.10E+25 2.91E+25 2.69E+25 2.47E+25 2.25E+25 2.02E+25 1.80E+25 1.59E+25 1.39E+25 1.21E+25 1.04E+25 8.87E+24 7.49E+24 6.28E+24 
