   0.25  0.297  8.33E-01 3.33E+00 3.33E+00 1.30E-01 3.60E-01 5.12E-01 5.66E-01 5.32E-01 4.39E-01 3.24E-01 2.15E-01 1.30E-01 7.17E-02 3.61E-02 1.67E-02 7.05E-03 2.74E-03 9.80E-04 3.22E-04 9.76E-05 2.72E-05 6.99E-06 1.66E-06 3.61E-07 7.28E-08 1.35E-08 2.32E-09 3.66E-10 5.34E-11 7.20E-12 8.95E-13 1.03E-13 1.09E-14 
   0.50  0.197  2.91E+00 8.33E+00 8.33E+00 2.12E-01 6.04E-01 9.09E-01 1.09E+00 1.14E+00 1.08E+00 9.39E-01 7.57E-01 5.69E-01 4.01E-01 2.65E-01 1.65E-01 9.72E-02 5.39E-02 2.82E-02 1.40E-02 6.55E-03 2.91E-03 1.22E-03 4.86E-04 1.83E-04 6.54E-05 2.22E-05 7.12E-06 2.17E-06 6.26E-07 1.72E-07 4.46E-08 1.10E-08 2.57E-09 
   0.75  0.246  8.71E+00 2.32E+01 2.32E+01 4.75E-01 1.37E+00 2.10E+00 2.60E+00 2.83E+00 2.82E+00 2.60E+00 2.25E+00 1.83E+00 1.41E+00 1.03E+00 7.20E-01 4.77E-01 3.02E-01 1.82E-01 1.05E-01 5.77E-02 3.04E-02 1.53E-02 7.37E-03 3.40E-03 1.50E-03 6.34E-04 2.56E-04 9.94E-05 3.69E-05 1.31E-05 4.48E-06 1.47E-06 4.59E-07 
   1.00  0.255  2.19E+01 5.29E+01 5.29E+01 9.35E-01 2.71E+00 4.20E+00 5.29E+00 5.90E+00 6.04E+00 5.76E+00 5.19E+00 4.42E+00 3.59E+00 2.78E+00 2.06E+00 1.46E+00 9.94E-01 6.49E-01 4.07E-01 2.45E-01 1.42E-01 7.93E-02 4.25E-02 2.20E-02 1.09E-02 5.23E-03 2.41E-03 1.07E-03 4.58E-04 1.89E-04 7.51E-05 2.88E-05 1.06E-05 
   1.25  0.347  5.20E+01 1.20E+02 1.20E+02 1.90E+00 5.53E+00 8.64E+00 1.10E+01 1.25E+01 1.30E+01 1.27E+01 1.17E+01 1.03E+01 8.66E+00 6.96E+00 5.38E+00 3.99E+00 2.85E+00 1.97E+00 1.30E+00 8.36E-01 5.17E-01 3.08E-01 1.78E-01 9.90E-02 5.33E-02 2.77E-02 1.40E-02 6.79E-03 3.20E-03 1.45E-03 6.40E-04 2.73E-04 1.12E-04 
   1.50  0.662  9.48E+01 1.71E+02 1.71E+02 2.47E+00 7.20E+00 1.13E+01 1.45E+01 1.66E+01 1.76E+01 1.75E+01 1.65E+01 1.48E+01 1.27E+01 1.05E+01 8.39E+00 6.44E+00 4.77E+00 3.41E+00 2.36E+00 1.58E+00 1.02E+00 6.43E-01 3.90E-01 2.30E-01 1.31E-01 7.25E-02 3.89E-02 2.02E-02 1.02E-02 4.98E-03 2.36E-03 1.09E-03 4.86E-04 
   1.75  2.326  1.59E+02 2.58E+02 2.58E+02 3.45E+00 1.01E+01 1.59E+01 2.05E+01 2.37E+01 2.54E+01 2.55E+01 2.44E+01 2.23E+01 1.96E+01 1.65E+01 1.35E+01 1.06E+01 8.08E+00 5.96E+00 4.26E+00 2.95E+00 1.98E+00 1.29E+00 8.18E-01 5.02E-01 3.00E-01 1.74E-01 9.79E-02 5.36E-02 2.85E-02 1.47E-02 7.40E-03 3.62E-03 1.72E-03 
   2.00  0.361  2.96E+02 5.47E+02 5.47E+02 6.85E+00 2.00E+01 3.18E+01 4.13E+01 4.80E+01 5.17E+01 5.25E+01 5.08E+01 4.71E+01 4.20E+01 3.61E+01 3.00E+01 2.41E+01 1.88E+01 1.42E+01 1.04E+01 7.40E+00 5.12E+00 3.44E+00 2.25E+00 1.43E+00 8.85E-01 5.33E-01 3.12E-01 1.78E-01 9.88E-02 5.34E-02 2.81E-02 1.44E-02 7.19E-03 
   2.25  0.540  5.24E+02 9.14E+02 9.14E+02 1.08E+01 3.17E+01 5.03E+01 6.56E+01 7.67E+01 8.33E+01 8.54E+01 8.35E+01 7.82E+01 7.06E+01 6.16E+01 5.19E+01 4.25E+01 3.37E+01 2.60E+01 1.94E+01 1.42E+01 1.00E+01 6.92E+00 4.65E+00 3.04E+00 1.94E+00 1.20E+00 7.28E-01 4.30E-01 2.47E-01 1.39E-01 7.58E-02 4.04E-02 2.10E-02 
   2.50  0.337  1.02E+03 1.99E+03 1.99E+03 2.23E+01 6.56E+01 1.04E+02 1.37E+02 1.61E+02 1.75E+02 1.81E+02 1.78E+02 1.69E+02 1.54E+02 1.36E+02 1.16E+02 9.64E+01 7.77E+01 6.09E+01 4.64E+01 3.45E+01 2.49E+01 1.76E+01 1.21E+01 8.08E+00 5.28E+00 3.37E+00 2.10E+00 1.27E+00 7.54E-01 4.36E-01 2.46E-01 1.36E-01 7.32E-02 
   2.75  0.395  1.85E+03 3.30E+03 3.30E+03 3.53E+01 1.04E+02 1.66E+02 2.17E+02 2.57E+02 2.82E+02 2.93E+02 2.90E+02 2.77E+02 2.55E+02 2.28E+02 1.97E+02 1.65E+02 1.35E+02 1.07E+02 8.31E+01 6.27E+01 4.61E+01 3.31E+01 2.32E+01 1.59E+01 1.06E+01 6.91E+00 4.40E+00 2.74E+00 1.67E+00 9.91E-01 5.75E-01 3.27E-01 1.81E-01 
   3.00  0.449  3.45E+03 6.43E+03 6.43E+03 6.61E+01 1.94E+02 3.10E+02 4.09E+02 4.84E+02 5.33E+02 5.57E+02 5.57E+02 5.35E+02 4.97E+02 4.47E+02 3.90E+02 3.31E+02 2.74E+02 2.20E+02 1.73E+02 1.32E+02 9.89E+01 7.22E+01 5.14E+01 3.58E+01 2.44E+01 1.62E+01 1.05E+01 6.71E+00 4.17E+00 2.54E+00 1.51E+00 8.79E-01 5.01E-01 
   3.25  0.395  6.45E+03 1.20E+04 1.20E+04 1.19E+02 3.49E+02 5.58E+02 7.37E+02 8.75E+02 9.69E+02 1.02E+03 1.02E+03 9.88E+02 9.24E+02 8.38E+02 7.38E+02 6.32E+02 5.28E+02 4.30E+02 3.41E+02 2.65E+02 2.00E+02 1.48E+02 1.07E+02 7.59E+01 5.25E+01 3.56E+01 2.36E+01 1.53E+01 9.69E+00 6.01E+00 3.66E+00 2.18E+00 1.27E+00 
   3.50  0.398  1.20E+04 2.20E+04 2.20E+04 2.09E+02 6.17E+02 9.89E+02 1.31E+03 1.56E+03 1.73E+03 1.82E+03 1.84E+03 1.79E+03 1.69E+03 1.54E+03 1.37E+03 1.18E+03 9.95E+02 8.18E+02 6.56E+02 5.15E+02 3.95E+02 2.96E+02 2.17E+02 1.56E+02 1.09E+02 7.51E+01 5.06E+01 3.33E+01 2.15E+01 1.36E+01 8.44E+00 5.12E+00 3.05E+00 
   3.75  0.415  2.20E+04 4.00E+04 4.00E+04 3.69E+02 1.09E+03 1.74E+03 2.31E+03 2.76E+03 3.08E+03 3.25E+03 3.30E+03 3.22E+03 3.05E+03 2.80E+03 2.51E+03 2.18E+03 1.86E+03 1.54E+03 1.25E+03 9.88E+02 7.65E+02 5.80E+02 4.31E+02 3.13E+02 2.23E+02 1.55E+02 1.06E+02 7.10E+01 4.66E+01 3.00E+01 1.89E+01 1.17E+01 7.07E+00 
   4.00  0.415  4.03E+04 7.34E+04 7.34E+04 6.55E+02 1.93E+03 3.10E+03 4.12E+03 4.93E+03 5.51E+03 5.85E+03 5.95E+03 5.85E+03 5.56E+03 5.14E+03 4.62E+03 4.06E+03 3.47E+03 2.90E+03 2.37E+03 1.90E+03 1.48E+03 1.14E+03 8.53E+02 6.27E+02 4.52E+02 3.19E+02 2.21E+02 1.50E+02 9.97E+01 6.51E+01 4.16E+01 2.62E+01 1.61E+01 
   4.25  0.415  7.37E+04 1.34E+05 1.34E+05 1.16E+03 3.41E+03 5.49E+03 7.30E+03 8.75E+03 9.81E+03 1.04E+04 1.07E+04 1.05E+04 1.01E+04 9.35E+03 8.46E+03 7.47E+03 6.43E+03 5.42E+03 4.46E+03 3.60E+03 2.84E+03 2.20E+03 1.67E+03 1.24E+03 9.01E+02 6.43E+02 4.51E+02 3.10E+02 2.09E+02 1.38E+02 8.97E+01 5.72E+01 3.58E+01 
   4.50  0.415  1.35E+05 2.45E+05 2.45E+05 2.06E+03 6.08E+03 9.80E+03 1.30E+04 1.57E+04 1.76E+04 1.88E+04 1.93E+04 1.91E+04 1.83E+04 1.71E+04 1.56E+04 1.38E+04 1.20E+04 1.02E+04 8.43E+03 6.85E+03 5.45E+03 4.25E+03 3.25E+03 2.44E+03 1.79E+03 1.29E+03 9.17E+02 6.37E+02 4.35E+02 2.91E+02 1.92E+02 1.24E+02 7.85E+01 
   4.75  0.415  2.46E+05 4.46E+05 4.46E+05 3.66E+03 1.08E+04 1.74E+04 2.32E+04 2.79E+04 3.14E+04 3.37E+04 3.46E+04 3.44E+04 3.31E+04 3.11E+04 2.84E+04 2.53E+04 2.21E+04 1.89E+04 1.58E+04 1.29E+04 1.03E+04 8.13E+03 6.27E+03 4.74E+03 3.52E+03 2.57E+03 1.84E+03 1.29E+03 8.90E+02 6.03E+02 4.01E+02 2.62E+02 1.69E+02 
   5.00  0.415  4.50E+05 8.17E+05 8.17E+05 6.54E+03 1.93E+04 3.11E+04 4.16E+04 5.01E+04 5.65E+04 6.07E+04 6.26E+04 6.24E+04 6.03E+04 5.68E+04 5.22E+04 4.68E+04 4.10E+04 3.52E+04 2.96E+04 2.43E+04 1.97E+04 1.56E+04 1.21E+04 9.23E+03 6.91E+03 5.08E+03 3.67E+03 2.60E+03 1.82E+03 1.24E+03 8.37E+02 5.53E+02 3.60E+02 
   5.50  0.415  1.81E+06 2.72E+06 2.72E+06 2.08E+04 6.15E+04 9.94E+04 1.33E+05 1.61E+05 1.82E+05 1.96E+05 2.03E+05 2.04E+05 1.99E+05 1.88E+05 1.74E+05 1.58E+05 1.40E+05 1.21E+05 1.03E+05 8.56E+04 7.00E+04 5.62E+04 4.43E+04 3.43E+04 2.61E+04 1.95E+04 1.43E+04 1.03E+04 7.33E+03 5.12E+03 3.51E+03 2.37E+03 1.57E+03 
   6.00  0.415  6.36E+06 9.09E+06 9.09E+06 6.65E+04 1.97E+05 3.18E+05 4.27E+05 5.17E+05 5.87E+05 6.36E+05 6.62E+05 6.67E+05 6.53E+05 6.24E+05 5.81E+05 5.30E+05 4.73E+05 4.14E+05 3.55E+05 2.99E+05 2.47E+05 2.00E+05 1.60E+05 1.25E+05 9.66E+04 7.32E+04 5.45E+04 4.00E+04 2.88E+04 2.05E+04 1.43E+04 9.82E+03 6.64E+03 
   6.50  0.415  2.15E+07 3.03E+07 3.03E+07 2.13E+05 6.31E+05 1.02E+06 1.37E+06 1.67E+06 1.90E+06 2.06E+06 2.16E+06 2.18E+06 2.15E+06 2.06E+06 1.94E+06 1.78E+06 1.60E+06 1.41E+06 1.22E+06 1.03E+06 8.63E+05 7.08E+05 5.71E+05 4.52E+05 3.53E+05 2.71E+05 2.04E+05 1.52E+05 1.11E+05 8.00E+04 5.67E+04 3.96E+04 2.72E+04 
   7.00  0.415  7.21E+07 1.01E+08 1.01E+08 6.87E+05 2.03E+06 3.30E+06 4.43E+06 5.40E+06 6.16E+06 6.71E+06 7.04E+06 7.16E+06 7.08E+06 6.83E+06 6.44E+06 5.94E+06 5.38E+06 4.77E+06 4.16E+06 3.56E+06 3.00E+06 2.48E+06 2.02E+06 1.62E+06 1.27E+06 9.89E+05 7.56E+05 5.68E+05 4.21E+05 3.07E+05 2.21E+05 1.56E+05 1.09E+05 
   7.50  0.415  2.41E+08 3.37E+08 3.37E+08 2.22E+06 6.56E+06 1.06E+07 1.43E+07 1.75E+07 2.00E+07 2.19E+07 2.30E+07 2.35E+07 2.33E+07 2.26E+07 2.14E+07 1.99E+07 1.81E+07 1.61E+07 1.42E+07 1.22E+07 1.04E+07 8.65E+06 7.10E+06 5.74E+06 4.56E+06 3.58E+06 2.76E+06 2.10E+06 1.57E+06 1.16E+06 8.45E+05 6.06E+05 4.28E+05 
   8.00  0.415  8.04E+08 1.13E+09 1.13E+09 7.16E+06 2.12E+07 3.45E+07 4.64E+07 5.67E+07 6.51E+07 7.12E+07 7.52E+07 7.70E+07 7.67E+07 7.46E+07 7.10E+07 6.63E+07 6.06E+07 5.45E+07 4.81E+07 4.18E+07 3.57E+07 3.00E+07 2.48E+07 2.02E+07 1.62E+07 1.28E+07 9.99E+06 7.67E+06 5.81E+06 4.33E+06 3.19E+06 2.31E+06 1.65E+06 
   8.50  0.415  2.68E+09 3.76E+09 3.76E+09 2.32E+07 6.87E+07 1.12E+08 1.51E+08 1.84E+08 2.12E+08 2.33E+08 2.46E+08 2.53E+08 2.53E+08 2.47E+08 2.36E+08 2.21E+08 2.03E+08 1.84E+08 1.63E+08 1.42E+08 1.22E+08 1.03E+08 8.62E+07 7.08E+07 5.73E+07 4.56E+07 3.59E+07 2.78E+07 2.12E+07 1.60E+07 1.19E+07 8.71E+06 6.30E+06 
   9.00  0.415  8.95E+09 1.25E+10 1.25E+10 7.53E+07 2.23E+08 3.63E+08 4.90E+08 6.01E+08 6.91E+08 7.60E+08 8.06E+08 8.30E+08 8.32E+08 8.15E+08 7.82E+08 7.36E+08 6.80E+08 6.17E+08 5.51E+08 4.84E+08 4.18E+08 3.56E+08 2.99E+08 2.47E+08 2.01E+08 1.61E+08 1.28E+08 9.99E+07 7.69E+07 5.85E+07 4.39E+07 3.25E+07 2.37E+07 
   9.50  0.415  2.98E+10 4.18E+10 4.18E+10 2.45E+08 7.25E+08 1.18E+09 1.60E+09 1.96E+09 2.26E+09 2.49E+09 2.64E+09 2.73E+09 2.74E+09 2.70E+09 2.60E+09 2.45E+09 2.27E+09 2.07E+09 1.86E+09 1.64E+09 1.43E+09 1.22E+09 1.03E+09 8.56E+08 7.02E+08 5.68E+08 4.53E+08 3.57E+08 2.77E+08 2.12E+08 1.60E+08 1.20E+08 8.83E+07 
  10.00  0.415  9.96E+10 1.39E+11 1.39E+11 7.95E+08 2.36E+09 3.84E+09 5.20E+09 6.39E+09 7.37E+09 8.14E+09 8.67E+09 8.96E+09 9.04E+09 8.91E+09 8.61E+09 8.16E+09 7.59E+09 6.95E+09 6.26E+09 5.55E+09 4.85E+09 4.17E+09 3.54E+09 2.96E+09 2.44E+09 1.99E+09 1.60E+09 1.27E+09 9.90E+08 7.65E+08 5.83E+08 4.39E+08 3.26E+08 
  11.00  0.415  1.65E+12 1.55E+12 1.55E+12 8.45E+09 2.51E+10 4.09E+10 5.54E+10 6.82E+10 7.89E+10 8.74E+10 9.34E+10 9.70E+10 9.83E+10 9.74E+10 9.46E+10 9.03E+10 8.46E+10 7.80E+10 7.08E+10 6.33E+10 5.58E+10 4.85E+10 4.15E+10 3.51E+10 2.93E+10 2.41E+10 1.96E+10 1.57E+10 1.25E+10 9.75E+09 7.54E+09 5.76E+09 4.34E+09 
  12.00  0.415  1.89E+13 1.73E+13 1.73E+13 9.01E+10 2.68E+11 4.37E+11 5.93E+11 7.31E+11 8.48E+11 9.41E+11 1.01E+12 1.05E+12 1.07E+12 1.07E+12 1.04E+12 9.97E+11 9.40E+11 8.73E+11 7.98E+11 7.18E+11 6.38E+11 5.59E+11 4.83E+11 4.12E+11 3.47E+11 2.88E+11 2.37E+11 1.92E+11 1.54E+11 1.22E+11 9.55E+10 7.39E+10 5.65E+10 
  13.00  0.415  2.11E+14 1.92E+14 1.92E+14 9.65E+11 2.86E+12 4.68E+12 6.36E+12 7.85E+12 9.13E+12 1.02E+13 1.09E+13 1.14E+13 1.17E+13 1.17E+13 1.14E+13 1.10E+13 1.04E+13 9.74E+12 8.96E+12 8.12E+12 7.26E+12 6.40E+12 5.58E+12 4.80E+12 4.07E+12 3.42E+12 2.83E+12 2.32E+12 1.88E+12 1.50E+12 1.19E+12 9.31E+11 7.20E+11 
  14.00  0.415  2.35E+15 2.14E+15 2.14E+15 1.04E+13 3.08E+13 5.03E+13 6.84E+13 8.46E+13 9.85E+13 1.10E+14 1.18E+14 1.24E+14 1.27E+14 1.28E+14 1.26E+14 1.22E+14 1.16E+14 1.09E+14 1.00E+14 9.15E+13 8.23E+13 7.31E+13 6.41E+13 5.55E+13 4.75E+13 4.02E+13 3.36E+13 2.77E+13 2.27E+13 1.83E+13 1.46E+13 1.16E+13 9.03E+12 
  15.00  0.415  2.62E+16 2.38E+16 2.38E+16 1.11E+14 3.31E+14 5.42E+14 7.37E+14 9.13E+14 1.06E+15 1.19E+15 1.29E+15 1.35E+15 1.39E+15 1.40E+15 1.38E+15 1.34E+15 1.28E+15 1.21E+15 1.12E+15 1.03E+15 9.30E+14 8.31E+14 7.33E+14 6.39E+14 5.51E+14 4.69E+14 3.95E+14 3.29E+14 2.71E+14 2.21E+14 1.78E+14 1.42E+14 1.12E+14 
  16.00  0.415  2.91E+17 2.65E+17 2.65E+17 1.20E+15 3.57E+15 5.84E+15 7.96E+15 9.87E+15 1.15E+16 1.29E+16 1.40E+16 1.47E+16 1.52E+16 1.53E+16 1.52E+16 1.48E+16 1.42E+16 1.34E+16 1.25E+16 1.15E+16 1.05E+16 9.42E+15 8.36E+15 7.33E+15 6.35E+15 5.45E+15 4.62E+15 3.87E+15 3.21E+15 2.64E+15 2.14E+15 1.72E+15 1.37E+15 
  17.00  0.415  3.24E+18 2.95E+18 2.95E+18 1.30E+16 3.86E+16 6.32E+16 8.62E+16 1.07E+17 1.25E+17 1.40E+17 1.52E+17 1.61E+17 1.66E+17 1.68E+17 1.67E+17 1.63E+17 1.57E+17 1.49E+17 1.40E+17 1.29E+17 1.18E+17 1.07E+17 9.50E+16 8.37E+16 7.30E+16 6.29E+16 5.37E+16 4.53E+16 3.78E+16 3.13E+16 2.56E+16 2.07E+16 1.66E+16 
  18.00  0.415  3.61E+19 3.28E+19 3.28E+19 1.40E+17 4.18E+17 6.84E+17 9.34E+17 1.16E+18 1.36E+18 1.53E+18 1.66E+18 1.75E+18 1.82E+18 1.84E+18 1.84E+18 1.80E+18 1.74E+18 1.66E+18 1.56E+18 1.45E+18 1.33E+18 1.20E+18 1.08E+18 9.54E+17 8.36E+17 7.24E+17 6.21E+17 5.27E+17 4.43E+17 3.69E+17 3.04E+17 2.48E+17 2.00E+17 
  19.00  0.415  4.02E+20 3.65E+20 3.65E+20 1.52E+18 4.53E+18 7.42E+18 1.01E+19 1.26E+19 1.48E+19 1.66E+19 1.81E+19 1.92E+19 1.99E+19 2.02E+19 2.02E+19 1.99E+19 1.92E+19 1.84E+19 1.73E+19 1.62E+19 1.49E+19 1.35E+19 1.22E+19 1.08E+19 9.54E+18 8.31E+18 7.16E+18 6.11E+18 5.17E+18 4.32E+18 3.58E+18 2.94E+18 2.39E+18 
  20.00  0.415  4.47E+21 4.07E+21 4.07E+21 1.65E+19 4.92E+19 8.06E+19 1.10E+20 1.37E+20 1.61E+20 1.81E+20 1.97E+20 2.10E+20 2.18E+20 2.22E+20 2.22E+20 2.19E+20 2.13E+20 2.04E+20 1.93E+20 1.80E+20 1.67E+20 1.52E+20 1.37E+20 1.23E+20 1.09E+20 9.50E+19 8.23E+19 7.06E+19 6.00E+19 5.05E+19 4.20E+19 3.47E+19 2.84E+19 
  22.50  0.415  4.21E+24 1.68E+24 1.68E+24 6.44E+21 1.92E+22 3.15E+22 4.31E+22 5.37E+22 6.32E+22 7.13E+22 7.80E+22 8.31E+22 8.67E+22 8.87E+22 8.93E+22 8.85E+22 8.65E+22 8.35E+22 7.95E+22 7.49E+22 6.97E+22 6.42E+22 5.85E+22 5.27E+22 4.71E+22 4.16E+22 3.64E+22 3.16E+22 2.72E+22 2.31E+22 1.95E+22 1.63E+22 1.35E+22 
  25.00  0.415  1.74E+27 6.95E+26 6.95E+26 2.53E+24 7.53E+24 1.24E+25 1.69E+25 2.12E+25 2.49E+25 2.82E+25 3.09E+25 3.31E+25 3.46E+25 3.56E+25 3.60E+25 3.58E+25 3.52E+25 3.41E+25 3.27E+25 3.10E+25 2.90E+25 2.69E+25 2.47E+25 2.25E+25 2.02E+25 1.80E+25 1.59E+25 1.39E+25 1.21E+25 1.04E+25 8.86E+24 7.49E+24 6.27E+24 
