#include "TGraph.h"

double adGSF_ETable[] = {
0.0,
0.04,
0.08,
0.12,
0.16,
0.2,
0.24,
0.28,
0.32,
0.36,
0.4,
0.44,
0.48,
0.52,
0.56,
0.6,
0.64,
0.68,
0.72,
0.76,
0.8,
0.84,
0.88,
0.92,
0.96,
1.0,
1.04,
1.08,
1.12,
1.16,
1.2,
1.24,
1.28,
1.32,
1.36,
1.4,
1.44,
1.48,
1.52,
1.56,
1.6,
1.64,
1.68,
1.72,
1.76,
1.8,
1.84,
1.88,
1.92,
1.96,
2.0,
2.04,
2.08,
2.12,
2.16,
2.2,
2.24,
2.28,
2.32,
2.36,
2.4,
2.44,
2.48,
2.52,
2.56,
2.6,
2.64,
2.68,
2.72,
2.76,
2.8,
2.84,
2.88,
2.92,
2.96,
3.0,
3.04,
3.08,
3.12,
3.16,
3.2,
3.24,
3.28,
3.32,
3.36,
3.4,
3.44,
3.48,
3.52,
3.56,
3.6,
3.64,
3.68,
3.72,
3.76,
3.8,
3.84,
3.88,
3.92,
3.96,
4.0,
4.0,
4.10738255034,
4.21476510067,
4.32214765101,
4.42953020134,
4.53691275168,
4.64429530201,
4.75167785235,
4.85906040268,
4.96644295302,
5.07382550336,
5.18120805369,
5.28859060403,
5.39597315436,
5.5033557047,
5.61073825503,
5.71812080537,
5.8255033557,
5.93288590604,
6.04026845638,
6.14765100671,
6.25503355705,
6.36241610738,
6.46979865772,
6.57718120805,
6.68456375839,
6.79194630872,
6.89932885906,
7.0067114094,
7.11409395973,
7.22147651007,
7.3288590604,
7.43624161074,
7.54362416107,
7.65100671141,
7.75838926174,
7.86577181208,
7.97315436242,
8.08053691275,
8.18791946309,
8.29530201342,
8.40268456376,
8.51006711409,
8.61744966443,
8.72483221477,
8.8322147651,
8.93959731544,
9.04697986577,
9.15436241611,
9.26174496644,
9.36912751678,
9.47651006711,
9.58389261745,
9.69127516779,
9.79865771812,
9.90604026846,
10.0134228188,
10.1208053691,
10.2281879195,
10.3355704698,
10.4429530201,
10.5503355705,
10.6577181208,
10.7651006711,
10.8724832215,
10.9798657718,
11.0872483221,
11.1946308725,
11.3020134228,
11.4093959732,
11.5167785235,
11.6241610738,
11.7315436242,
11.8389261745,
11.9463087248,
12.0536912752,
12.1610738255,
12.2684563758,
12.3758389262,
12.4832214765,
12.5906040268,
12.6979865772,
12.8053691275,
12.9127516779,
13.0201342282,
13.1275167785,
13.2348993289,
13.3422818792,
13.4496644295,
13.5570469799,
13.6644295302,
13.7718120805,
13.8791946309,
13.9865771812,
14.0939597315,
14.2013422819,
14.3087248322,
14.4161073826,
14.5234899329,
14.6308724832,
14.7382550336,
14.8456375839,
14.9530201342,
15.0604026846,
15.1677852349,
15.2751677852,
15.3825503356,
15.4899328859,
15.5973154362,
15.7046979866,
15.8120805369,
15.9194630872,
16.0268456376,
16.1342281879,
16.2416107383,
16.3489932886,
16.4563758389,
16.5637583893,
16.6711409396,
16.7785234899,
16.8859060403,
16.9932885906,
17.1006711409,
17.2080536913,
17.3154362416,
17.4228187919,
17.5302013423,
17.6375838926,
17.744966443,
17.8523489933,
17.9597315436,
18.067114094,
18.1744966443,
18.2818791946,
18.389261745,
18.4966442953,
18.6040268456,
18.711409396,
18.8187919463,
18.9261744966,
19.033557047,
19.1409395973,
19.2483221477,
19.355704698,
19.4630872483,
19.5704697987,
19.677852349,
19.7852348993,
19.8926174497,
20.0
};
const int nGSF_ETable = sizeof(adGSF_ETable)/sizeof(double);

double adGSF_E1[] = {
1.62467929738e-08,
1.6320490411e-08,
1.63943738459e-08,
1.64686293503e-08,
1.65434431447e-08,
1.66190016723e-08,
1.6695491674e-08,
1.67731002627e-08,
1.68520149982e-08,
1.6932423963e-08,
1.70145158371e-08,
1.70984799746e-08,
1.71845064795e-08,
1.7272786283e-08,
1.73635112205e-08,
1.74568741098e-08,
1.75530688294e-08,
1.76522903979e-08,
1.77547350541e-08,
1.78606003371e-08,
1.79700851688e-08,
1.80833899355e-08,
1.82007165716e-08,
1.83222686441e-08,
1.84482514379e-08,
1.85788720422e-08,
1.87143394382e-08,
1.88548645881e-08,
1.90006605255e-08,
1.91519424461e-08,
1.93089278017e-08,
1.94718363936e-08,
1.96408904693e-08,
1.98163148193e-08,
1.99983368768e-08,
2.01871868183e-08,
2.03830976665e-08,
2.05863053947e-08,
2.07970490333e-08,
2.10155707785e-08,
2.12421161028e-08,
2.14769338679e-08,
2.17202764398e-08,
2.1972399806e-08,
2.22335636957e-08,
2.25040317019e-08,
2.27840714064e-08,
2.30739545076e-08,
2.33739569508e-08,
2.36843590616e-08,
2.40054456825e-08,
2.43375063117e-08,
2.46808352464e-08,
2.50357317283e-08,
2.54025000932e-08,
2.57814499237e-08,
2.61728962059e-08,
2.65771594893e-08,
2.69945660516e-08,
2.74254480665e-08,
2.7870143776e-08,
2.83289976674e-08,
2.88023606542e-08,
2.92905902615e-08,
2.9794050817e-08,
3.03131136455e-08,
3.08481572699e-08,
3.13995676161e-08,
3.19677382242e-08,
3.25530704646e-08,
3.31559737602e-08,
3.37768658145e-08,
3.44161728453e-08,
3.50743298251e-08,
3.57517807281e-08,
3.64489787833e-08,
3.7166386735e-08,
3.790447711e-08,
3.86637324927e-08,
3.94446458068e-08,
4.0247720606e-08,
4.10734713716e-08,
4.1922423819e-08,
4.27951152128e-08,
4.36920946901e-08,
4.46139235939e-08,
4.55611758145e-08,
4.6534438142e-08,
4.75343106276e-08,
4.85614069559e-08,
4.96163548271e-08,
5.0699796351e-08,
5.18123884513e-08,
5.29548032823e-08,
5.41277286565e-08,
5.53318684859e-08,
5.65679432346e-08,
5.78366903853e-08,
5.91388649189e-08,
6.04752398083e-08,
6.18466065258e-08,
6.18466065258e-08,
6.57075110013e-08,
6.98429064142e-08,
7.42702835049e-08,
7.9008314283e-08,
8.40769442502e-08,
8.94974919678e-08,
9.52927565278e-08,
1.01487133516e-07,
1.08106740075e-07,
1.15179549706e-07,
1.2273553743e-07,
1.30806835963e-07,
1.39427903528e-07,
1.48635703883e-07,
1.58469899118e-07,
1.68973055641e-07,
1.80190863695e-07,
1.9217237051e-07,
2.0497022699e-07,
2.18640947481e-07,
2.33245181738e-07,
2.48847997638e-07,
2.65519172494e-07,
2.83333489848e-07,
3.02371037548e-07,
3.22717501393e-07,
3.44464446889e-07,
3.67709579424e-07,
3.92556970489e-07,
4.19117234262e-07,
4.47507634951e-07,
4.77852100565e-07,
5.10281113228e-07,
5.44931439673e-07,
5.8194565811e-07,
6.21471429306e-07,
6.63660450487e-07,
7.08667020876e-07,
7.56646137708e-07,
8.07751032114e-07,
8.6213004635e-07,
9.19922749034e-07,
9.81255185234e-07,
1.04623416621e-06,
1.11494052263e-06,
1.18742127904e-06,
1.26368076081e-06,
1.34367072202e-06,
1.42727968731e-06,
1.51432183496e-06,
1.60452591064e-06,
1.69752484487e-06,
1.79284693874e-06,
1.88990965997e-06,
1.98801722273e-06,
2.08636317107e-06,
2.18403910496e-06,
2.2800504407e-06,
2.37333966056e-06,
2.46281688501e-06,
2.547396835e-06,
2.62604042649e-06,
2.69779847504e-06,
2.76185442266e-06,
2.81756275965e-06,
2.8644799845e-06,
2.90238553649e-06,
2.93129107789e-06,
2.95143765171e-06,
2.96328141056e-06,
2.96746961701e-06,
2.9648093087e-06,
2.95623132574e-06,
2.94275231111e-06,
2.92543687907e-06,
2.90536150668e-06,
2.88358095839e-06,
2.86109731693e-06,
2.83883106512e-06,
2.81759322397e-06,
2.79805738049e-06,
2.78073061175e-06,
2.76592291795e-06,
2.75371589526e-06,
2.74393304201e-06,
2.73611619934e-06,
2.72951484469e-06,
2.72309661017e-06,
2.71558748852e-06,
2.70554762127e-06,
2.69148268003e-06,
2.67198214527e-06,
2.64586639638e-06,
2.61231792804e-06,
2.57097163508e-06,
2.52194639816e-06,
2.46581332456e-06,
2.40351038661e-06,
2.33622378248e-06,
2.26526004943e-06,
2.19192986893e-06,
2.11745716629e-06,
2.04291881651e-06,
1.96921353695e-06,
1.89705448274e-06,
1.82697856015e-06,
1.75936579296e-06,
1.69446335802e-06,
1.63241046908e-06,
1.5732617221e-06,
1.5170076413e-06,
1.46359195062e-06,
1.41292558888e-06,
1.36489775823e-06,
1.3193844176e-06,
1.27625465996e-06,
1.23537538823e-06,
1.19661465463e-06,
1.1598439702e-06,
1.12493983464e-06,
1.09178468507e-06,
1.06026741885e-06,
1.03028360992e-06,
1.00173550898e-06,
9.74531895538e-07,
9.48587832138e-07,
9.23824357632e-07,
9.00168146229e-07,
8.77551151329e-07,
8.55910247448e-07,
8.35186879305e-07,
8.15326724047e-07,
7.96279370305e-07,
7.77998016205e-07,
7.60439187246e-07,
7.43562474222e-07,
7.27330290774e-07,
7.11707649824e-07,
6.9666195793e-07,
6.82162826459e-07,
6.68181898433e-07,
6.54692689891e-07,
6.41670444635e-07,
6.29092001268e-07,
6.16935671511e-07,
6.05181128811e-07,
5.93809306362e-07,
5.8280230371e-07,
5.72143301171e-07
};
TGraph *grGSF_E1 = new TGraph(nGSF_ETable,adGSF_ETable,adGSF_E1);

double adGSF_M1[] = {
0.0,
3.47720362553e-10,
6.96151532533e-10,
1.04600879647e-09,
1.39801645813e-09,
1.75291249593e-09,
2.11145340258e-09,
2.47441927356e-09,
2.84261921679e-09,
3.21689716268e-09,
3.59813816276e-09,
3.9872752762e-09,
4.38529715707e-09,
4.7932564715e-09,
5.21227929401e-09,
5.64357565588e-09,
6.08845144734e-09,
6.54832190945e-09,
7.02472699307e-09,
7.51934891098e-09,
8.03403226859e-09,
8.57080722824e-09,
9.13191624604e-09,
9.71984501883e-09,
1.03373583962e-08,
1.09875421492e-08,
1.16738516483e-08,
1.2400168684e-08,
1.31708678717e-08,
1.39908943043e-08,
1.48658543487e-08,
1.58021217006e-08,
1.68069609766e-08,
1.78886711668e-08,
1.90567510771e-08,
2.03220882668e-08,
2.16971716187e-08,
2.31963250654e-08,
2.48359553382e-08,
2.66347986773e-08,
2.86141383548e-08,
3.07979438548e-08,
3.32128497037e-08,
3.58878420973e-08,
3.88534487701e-08,
4.21401273509e-08,
4.57754216559e-08,
4.97793237967e-08,
5.41572018372e-08,
5.88897589992e-08,
6.39200158946e-08,
6.91385758511e-08,
7.43706922079e-08,
7.9371623761e-08,
8.38389371101e-08,
8.74488037894e-08,
8.99150587187e-08,
9.10560700583e-08,
9.0843677325e-08,
8.94114803604e-08,
8.70183579467e-08,
8.39847386e-08,
8.06282775458e-08,
7.72186592703e-08,
7.39572758865e-08,
7.097683138e-08,
6.83521676705e-08,
6.61148384672e-08,
6.4266897296e-08,
6.27919562788e-08,
6.166317815e-08,
6.08486144209e-08,
6.03145254509e-08,
6.00272864109e-08,
5.99543617346e-08,
6.00647000796e-08,
6.03287926885e-08,
6.07185567702e-08,
6.12071487925e-08,
6.17687744659e-08,
6.23785370168e-08,
6.30123485747e-08,
6.36469178557e-08,
6.42598186049e-08,
6.48296360913e-08,
6.53361826179e-08,
6.57607672816e-08,
6.6086500249e-08,
6.62986079694e-08,
6.63847335141e-08,
6.6335196046e-08,
6.61431855578e-08,
6.58048734551e-08,
6.53194259749e-08,
6.46889151675e-08,
6.39181303798e-08,
6.30143009001e-08,
6.1986746812e-08,
6.08464794964e-08,
5.96057752954e-08,
5.8277745615e-08,
5.8277745615e-08,
5.43851970892e-08,
5.02152357155e-08,
4.59880522304e-08,
4.18710236751e-08,
3.79764471982e-08,
3.43690830089e-08,
3.10774536668e-08,
2.81050307373e-08,
2.54395002238e-08,
2.3059650599e-08,
2.09401073198e-08,
1.9054376448e-08,
1.73766703994e-08,
1.58829084911e-08,
1.45511855686e-08,
1.33619138611e-08,
1.22977750324e-08,
1.134357052e-08,
1.04860248732e-08,
9.71357479252e-09,
9.0161624688e-09,
8.38504300277e-09,
7.81261033368e-09,
7.29224295671e-09,
6.81816894771e-09,
6.38534890253e-09,
5.98937499755e-09,
5.626384273e-09,
5.29298429991e-09,
4.98618953369e-09,
4.70336683468e-09,
4.44218882113e-09,
4.20059389809e-09,
3.97675196863e-09,
3.76903497902e-09,
3.57599157664e-09,
3.3963252688e-09,
3.22887556447e-09,
3.07260166054e-09,
2.92656830175e-09,
2.78993350036e-09,
2.66193784954e-09,
2.5418952052e-09,
2.42918454467e-09,
2.32324283958e-09,
2.22355880427e-09,
2.12966740172e-09,
2.04114500579e-09,
1.95760513352e-09,
1.87869467332e-09,
1.80409054544e-09,
1.73349673982e-09,
1.6666416843e-09,
1.60327590218e-09,
1.54316992397e-09,
1.4861124227e-09,
1.43190854612e-09,
1.38037842288e-09,
1.33135582225e-09,
1.28468695003e-09,
1.24022936513e-09,
1.19785100343e-09,
1.15742929694e-09,
1.11885037803e-09,
1.08200835952e-09,
1.04680468253e-09,
1.01314752492e-09,
9.80951264251e-10,
9.50135989305e-10,
9.20627055611e-10,
8.9235468029e-10,
8.65253572453e-10,
8.39262595626e-10,
8.14324459094e-10,
7.90385435401e-10,
7.67395101519e-10,
7.45306101463e-10,
7.24073928365e-10,
7.03656724222e-10,
6.84015095699e-10,
6.65111944565e-10,
6.46912311439e-10,
6.29383231686e-10,
6.12493602399e-10,
5.96214059509e-10,
5.80516864167e-10,
5.65375797601e-10,
5.50766063744e-10,
5.36664198991e-10,
5.23047988492e-10,
5.09896388465e-10,
4.97189454016e-10,
4.84908272055e-10,
4.73034898892e-10,
4.61552302143e-10,
4.50444306617e-10,
4.39695543876e-10,
4.29291405192e-10,
4.19217997633e-10,
4.09462103057e-10,
4.00011139793e-10,
3.908531268e-10,
3.81976650149e-10,
3.73370831631e-10,
3.65025299359e-10,
3.5693016021e-10,
3.49075973992e-10,
3.4145372919e-10,
3.34054820212e-10,
3.26871026008e-10,
3.19894489978e-10,
3.13117701083e-10,
3.06533476075e-10,
3.00134942771e-10,
2.93915524304e-10,
2.87868924286e-10,
2.81989112825e-10,
2.76270313335e-10,
2.70706990098e-10,
2.65293836523e-10,
2.60025764056e-10,
2.54897891711e-10,
2.49905536168e-10,
2.45044202418e-10,
2.4030957491e-10,
2.35697509179e-10,
2.31204023912e-10,
2.26825293447e-10,
2.22557640655e-10,
2.18397530203e-10,
2.14341562158e-10,
2.10386465933e-10,
2.06529094528e-10,
2.02766419079e-10,
1.99095523667e-10,
1.95513600404e-10,
1.92017944748e-10,
1.88605951064e-10,
1.85275108392e-10,
1.8202299643e-10,
1.78847281707e-10,
1.75745713943e-10,
1.72716122586e-10,
1.69756413507e-10,
1.66864565857e-10,
1.64038629073e-10,
1.61276720019e-10,
1.58577020264e-10,
1.55937773484e-10
};
TGraph *grGSF_M1 = new TGraph(nGSF_ETable,adGSF_ETable,adGSF_M1);

double adGSF_E2[] = {
0,
0,
0,
0,
0,
0,
0,
0,
0,
0,
0,
0,
0,
0,
0,
0,
0,
0,
0,
0,
0,
0,
0,
0,
0,
0,
0,
0,
0,
0,
0,
0,
0,
0,
0,
0,
0,
0,
0,
0,
0,
0,
0,
0,
0,
0,
0,
0,
0,
0,
0,
0,
0,
0,
0,
0,
0,
0,
0,
0,
0,
0,
0,
0,
0,
0,
0,
0,
0,
0,
0,
0,
0,
0,
0,
0,
0,
0,
0,
0,
0,
0,
0,
0,
0,
0,
0,
0,
0,
0,
0,
0,
0,
0,
0,
0,
0,
0,
0,
0,
0,
0,
0,
0,
0,
0,
0,
0,
0,
0,
0,
0,
0,
0,
0,
0,
0,
0,
0,
0,
0,
0,
0,
0,
0,
0,
0,
0,
0,
0,
0,
0,
0,
0,
0,
0,
0,
0,
0,
0,
0,
0,
0,
0,
0,
0,
0,
0,
0,
0,
0,
0,
0,
0,
0,
0,
0,
0,
0,
0,
0,
0,
0,
0,
0,
0,
0,
0,
0,
0,
0,
0,
0,
0,
0,
0,
0,
0,
0,
0,
0,
0,
0,
0,
0,
0,
0,
0,
0,
0,
0,
0,
0,
0,
0,
0,
0,
0,
0,
0,
0,
0,
0,
0,
0,
0,
0,
0,
0,
0,
0,
0,
0,
0,
0,
0,
0,
0,
0,
0,
0,
0,
0,
0,
0,
0,
0,
0,
0,
0,
0,
0,
0,
0,
0,
0,
0,
0,
0,
0,
0,
0,
0,
0,
0,
0,
0,
0,
0,
0,
0
};
TGraph *grGSF_E2 = new TGraph(nGSF_ETable,adGSF_ETable,adGSF_E2);

