#Energy 	 NLD
1.046	62.8157
1.06291	67.668
1.07982	72.52
1.09672	77.3717
1.11363	82.223
1.13053	87.074
1.14744	93.0741
1.16435	99.8795
1.18125	106.684
1.19816	113.489
1.21506	120.292
1.23197	127.096
1.24888	134.523
1.26578	142.253
1.28269	149.983
1.29959	157.712
1.3165	165.44
1.33341	173.167
1.35031	181.922
1.36722	191.005
1.38413	200.087
1.40103	209.167
1.41794	218.247
1.43484	227.326
1.45175	237.781
1.46866	248.492
1.48556	259.201
1.50247	269.909
1.51937	280.617
1.53628	291.322
1.55319	303.448
1.57009	315.683
1.587	327.917
1.60391	340.149
1.62081	352.38
1.63772	364.614
1.65462	377.255
1.67153	389.895
1.68844	402.533
1.70534	415.169
1.72225	427.804
1.73915	440.642
1.75606	455.38
1.77297	470.115
1.78987	484.848
1.80678	499.579
1.82368	514.308
1.84059	529.395
1.8575	546.089
1.8744	562.78
1.89131	579.469
1.90822	596.155
1.92512	612.839
1.94203	631.889
1.95893	657.415
1.97584	682.937
1.99275	708.455
2.00965	733.969
2.02656	759.479
2.04346	791.549
2.06037	835.655
2.07728	879.755
2.09418	923.849
2.11109	967.935
2.128	1012.01
2.1449	1062.77
2.16181	1122.1
2.17871	1181.41
2.19562	1240.72
2.21253	1300.02
2.22943	1359.31
2.24634	1425.63
2.26324	1498.37
2.28015	1571.1
2.29706	1643.81
2.31396	1716.51
2.33087	1789.21
2.34777	1869.71
2.36468	1955.24
2.38159	2040.76
2.39849	2126.27
2.4154	2211.76
2.43231	2297.23
2.44921	2392.52
2.46612	2492.16
2.48302	2591.77
2.49993	2691.37
2.51684	2790.95
2.53374	2890.51
2.55065	3004.62
2.56755	3122.87
2.58446	3241.1
2.60137	3359.3
2.61827	3477.48
2.63518	3595.64
2.65208	3729.59
2.66899	3866.03
2.6859	4002.44
2.7028	4138.83
2.71971	4275.19
2.73662	4411.51
2.75352	4588.92
2.77043	4768.57
2.78733	4948.17
2.80424	5127.74
2.82115	5307.27
2.83805	5488.18
2.85496	5710.91
2.87186	5933.6
2.88877	6156.23
2.90568	6378.82
2.92258	6601.37
2.93949	6830.85
2.9564	7112.66
2.9733	7394.41
2.99021	7676.1
3.00711	7957.73
3.02402	8239.3
3.04093	8537.18
3.05783	8899.4
3.07474	9261.54
3.09164	9623.6
3.10855	9985.58
3.12546	10347.5
3.14236	10733
3.15927	11177
3.17617	11620.9
3.19308	12064.8
3.20999	12508.5
3.22689	12952.1
3.2438	13450.2
3.26071	14040.2
3.27761	14630
3.29452	15219.7
3.31142	15809.2
3.32833	16398.6
3.34524	17052.7
3.36214	17783.5
3.37905	18514
3.39595	19244.4
3.41286	19974.7
3.42977	20704.7
3.44667	21539.1
3.46358	22461.3
3.48049	23383.3
3.49739	24305.1
3.5143	25226.7
3.5312	26148.1
3.54811	27238.5
3.56502	28429.2
3.58192	29619.6
3.59883	30809.6
3.61573	31999.4
3.63264	33188.9
3.64955	34578.4
3.66645	36048.2
3.68336	37517.7
3.70026	38986.8
3.71717	40455.6
3.73408	41924
3.75098	43752.9
3.76789	45673
3.7848	47592.6
3.8017	49511.7
3.81861	51430.4
3.83551	53348.5
3.85242	55709
3.86933	58127.8
3.88623	60546
3.90314	62963.6
3.92004	65380.6
3.93695	67796.9
3.95386	70876.8
3.97076	73978.2
3.98767	77078.9
4.00457	80178.7
4.02148	83277.7
4.03839	86425.2
4.05529	90461.4
4.0722	94496.5
4.08911	98530.6
4.10601	102564
4.12292	106596
4.13982	110766
4.15673	115814
4.17364	120859
4.19054	125904
4.20745	130947
4.22435	135988
4.24126	141356
4.25817	147864
4.27507	154371
4.29198	160876
4.30889	167379
4.32579	173880
4.3427	180894
4.3596	189064
4.37651	197231
4.39342	205396
4.41032	213559
4.42723	221720
4.44413	230774
4.46104	241212
4.47795	251647
4.49485	262079
4.51176	272508
4.52866	282934
4.54557	294830
4.56248	308334
4.57938	321834
4.59629	335330
4.6132	348823
4.6301	362312
4.64701	377647
4.66391	394416
4.68082	411180
4.69773	427940
4.71463	444695
4.73154	461445
4.74844	481116
4.76535	502375
4.78226	523627
4.79916	544874
4.81607	566115
4.83298	587350
4.84988	612375
4.86679	638781
4.88369	665179
4.9006	691570
4.91751	717954
4.93441	744330
4.95132	777001
4.96822	811071
4.98513	845131
5.00204	879182
5.01894	913223
5.03585	947254
5.05275	993552
5.06966	1.04116e+06
5.08657	1.08876e+06
5.10347	1.13635e+06
5.12038	1.1864e+06
5.13729	1.24413e+06
5.15419	1.30185e+06
5.1711	1.35955e+06
5.188	1.41724e+06
5.20491	1.482e+06
5.22182	1.55178e+06
5.23872	1.62154e+06
5.25563	1.69129e+06
5.27253	1.76101e+06
5.28944	1.84407e+06
5.30635	1.92817e+06
5.32325	2.01225e+06
5.34016	2.09631e+06
5.35706	2.18491e+06
5.37397	2.28602e+06
5.39088	2.38711e+06
5.40778	2.48817e+06
5.42469	2.5892e+06
5.4416	2.70251e+06
5.4585	2.82372e+06
5.47541	2.94489e+06
5.49231	3.06603e+06
5.50922	3.18713e+06
5.52613	3.33088e+06
5.54303	3.4758e+06
5.55994	3.62067e+06
5.57684	3.7655e+06
5.59375	3.91846e+06
5.61066	4.09133e+06
5.62756	4.26415e+06
5.64447	4.43692e+06
5.66138	4.60964e+06
5.67828	4.80318e+06
5.69519	5.00883e+06
5.71209	5.21443e+06
5.729	5.41996e+06
5.74591	5.62543e+06
5.76281	5.86851e+06
5.77972	6.11258e+06
5.79662	6.35657e+06
5.81353	6.6005e+06
5.83044	6.85856e+06
5.84734	7.14763e+06
5.86425	7.43661e+06
5.88115	7.72551e+06
5.89806	8.01432e+06
5.91497	8.33766e+06
5.93187	8.67915e+06
5.94878	9.02054e+06
5.96569	9.36182e+06
5.98259	9.703e+06
5.9995	1.01054e+07
6.0164	1.05079e+07
6.03331	1.09103e+07
6.05022	1.13126e+07
6.06712	1.17389e+07
6.08403	1.22125e+07
6.10093	1.2686e+07
6.11784	1.31593e+07
6.13475	1.36325e+07
6.15165	1.41618e+07
6.16856	1.47177e+07
6.18547	1.52734e+07
6.20237	1.58289e+07
6.21928	1.63862e+07
6.23618	1.70375e+07
6.25309	1.76887e+07
6.27	1.83396e+07
6.2869	1.89903e+07
6.30381	1.9681e+07
6.32071	2.04424e+07
6.33762	2.12036e+07
6.35453	2.19645e+07
6.37143	2.27253e+07
6.38834	2.35757e+07
6.40524	2.44641e+07
6.42215	2.53522e+07
6.43906	2.62401e+07
6.45596	2.7134e+07
6.47287	2.81689e+07
6.48978	2.92035e+07
6.50668	3.02377e+07
6.52359	3.12717e+07
6.54049	3.20407e+07
6.5574	3.23852e+07
6.57431	3.27297e+07
6.59121	3.30739e+07
6.60812	3.34181e+07
6.62502	3.37621e+07
6.64193	3.4106e+07
6.65884	3.44498e+07
6.67574	3.47934e+07
6.69265	3.51369e+07
6.70955	3.54803e+07
6.72646	3.58235e+07
6.74337	3.61666e+07
6.76027	3.65096e+07
6.77718	3.68524e+07
6.79409	3.71951e+07
6.81099	3.75377e+07
6.8279	3.78801e+07
6.8448	3.82224e+07
6.86171	3.85646e+07
6.87862	3.89066e+07
6.89552	3.92485e+07
6.91243	3.95902e+07
6.92933	3.99318e+07
6.94624	4.02733e+07
6.96315	4.06146e+07
6.98005	4.09558e+07
6.99696	4.12969e+07
7.01387	4.16378e+07
7.03077	4.19785e+07
7.04768	4.23192e+07
7.06458	4.26597e+07
7.08149	4.3e+07
7.0984	4.33402e+07
7.1153	4.36803e+07
7.13221	4.40202e+07
7.14911	4.436e+07
7.16602	4.46996e+07
7.18293	4.50391e+07
7.19983	4.53784e+07
7.21674	4.57176e+07
7.23364	4.60567e+07
7.25055	4.63956e+07
7.26746	4.67344e+07
7.28436	4.7073e+07
7.30127	4.74114e+07
7.31818	4.77497e+07
7.33508	4.80879e+07
7.35199	4.84259e+07
7.36889	4.87638e+07
7.3858	4.91015e+07
7.40271	4.94391e+07
7.41961	4.97765e+07
7.43652	5.01138e+07
7.45342	5.04509e+07
7.47033	5.07879e+07
7.48724	5.11247e+07
7.50414	5.14614e+07
7.52105	5.17979e+07
7.53796	5.21342e+07
7.55486	5.24704e+07
7.57177	5.28065e+07
7.58867	5.31424e+07
7.60558	5.34781e+07
7.62249	5.38137e+07
7.63939	5.41492e+07
7.6563	5.44844e+07
7.6732	5.48196e+07
7.69011	5.51545e+07
7.70702	5.54893e+07
7.72392	5.5824e+07
7.74083	5.61585e+07
7.75773	5.64928e+07
7.77464	5.6827e+07
7.79155	5.7161e+07
