#include "TGraph.h"

double adETable[] = {
1.0375,
1.1375,
1.2375,
1.3375,
1.4375,
1.5375,
1.6375,
1.7375,
1.8375,
1.9375,
2.0375,
2.1375,
2.2375,
2.3375,
2.4375,
2.5375,
2.6375,
2.7375,
2.8375,
2.9375,
3.0375,
3.1375,
3.2375,
3.3375,
3.4375,
3.5375,
3.6375,
3.7375,
3.8375,
3.9375,
4.0375,
4.1375,
4.2375,
4.3375,
4.4375,
4.5375,
4.6375,
4.7375,
4.8375,
4.9375,
5.0375,
6.534,
5.11626315789,
5.19502631579,
5.27378947368,
5.35255263158,
5.43131578947,
5.51007894737,
5.58884210526,
5.66760526316,
5.74636842105,
5.82513157895,
5.90389473684,
5.98265789474,
6.06142105263,
6.14018421053,
6.21894736842,
6.29771052632,
6.37647368421,
6.45523684211,
6.534
};
const int nETable = sizeof(adETable)/sizeof(double);

double adRho[] = {60.2999034678,
88.9765733808,
129.204611019,
174.915713739,
228.643556427,
292.026483894,
364.464208825,
439.343388038,
526.680327278,
625.66538714,
777.029546776,
1038.58829246,
1390.56752526,
1822.39235705,
2330.52858333,
2922.84361175,
3626.31316063,
4438.61144417,
5508.61011085,
6835.82808614,
8516.11368222,
10677.0896745,
13328.0810837,
16852.1600887,
21220.5303554,
26737.5889325,
33865.1940933,
42671.1323854,
54181.9961372,
68694.0458618,
87315.3219614,
111560.205408,
141902.762471,
181060.197005,
230254.441801,
293156.049817,
374599.052741,
475825.935537,
604262.547659,
763941.716311,
970129.852361,
32980165.7387,
1197216.20468,
1472718.6965,
1805982.38229,
2207973.44033,
2691529.71971,
3271645.41654,
3965793.92207,
4794293.29428,
5780719.24873,
6952371.04475,
8340796.16328,
9982380.23503,
11919009.2842,
14198812.0078,
16876990.5162,
20016748.719,
23690328.3568,
27980163.5581,
32980165.7387
};
TGraph *grRho = new TGraph(nETable,adETable,adRho);

double adLDa[] = {
0.0,
0.0,
0.0,
0.0,
0.0,
0.0,
0.0,
0.0,
0.0,
0.0,
0.0,
0.0,
0.0,
0.0,
0.0,
0.0,
0.0,
0.0,
0.0,
0.0,
0.0,
0.0,
0.0,
0.0,
0.0,
0.0,
0.0,
0.0,
0.0,
0.0,
0.0,
0.0,
0.0,
0.0,
0.0,
0.0,
0.0,
0.0,
0.0,
0.0,
0.0,
0.0,
0.0,
0.0,
0.0,
0.0,
0.0,
0.0,
0.0,
0.0,
0.0,
0.0,
0.0,
0.0,
0.0,
0.0,
0.0,
0.0,
0.0,
0.0,
0.0
};
TGraph *grLDa = new TGraph(nETable,adETable,adLDa);

double adJCut[] = {
5.35447449009,
5.48044202991,
5.59777968539,
5.70776232049,
5.8113908406,
5.90946682434,
6.00264310887,
6.09145912218,
6.1763662032,
6.25774615451,
6.33592510247,
6.41118403038,
6.48376690571,
6.55388703674,
6.62173210549,
6.68746819685,
6.75124305671,
6.81318875092,
6.87342385364,
6.93205526223,
6.98917971337,
7.04488505792,
7.09925133952,
7.15235171236,
7.20425322642,
7.25501750245,
7.30470131514,
7.35335709904,
7.40103338931,
7.44777520729,
7.49362439887,
7.53861993272,
7.58279816373,
7.62619306676,
7.66883644435,
7.71075811209,
7.75198606432,
7.79254662271,
7.83246456983,
7.87176326942,
7.91046477503,
8.43014393582,
7.94054055346,
7.97026849541,
7.9996578832,
8.02871761504,
8.05745622637,
8.08588190982,
8.11400253367,
8.14182565916,
8.16935855664,
8.19660822058,
8.22358138372,
8.25028453023,
8.27672390808,
8.30290554062,
8.32883523749,
8.35451860481,
8.37996105479,
8.40516781479,
8.43014393582
};
TGraph *grJCut = new TGraph(nETable,adETable,adJCut);

