# #E, E1, M1
0.000000000000000000e+00 1.154619470232917069e-08 0.000000000000000000e+00
4.000000000000000083e-02 1.159889360670503770e-08 3.728768384320730944e-10
8.000000000000000167e-02 1.165176839400870237e-08 7.467086275470586525e-10
1.199999999999999956e-01 1.170499501848636634e-08 1.122456396231870081e-09
1.600000000000000033e-01 1.175874957706675421e-08 1.501093395882379988e-09
2.000000000000000111e-01 1.181320838081668391e-08 1.883611377850123071e-09
2.399999999999999911e-01 1.186854802653393088e-08 2.271027072961154124e-09
2.800000000000000266e-01 1.192494546852333427e-08 2.664388944896345887e-09
3.200000000000000067e-01 1.198257809060226707e-08 3.064784293078229938e-09
3.599999999999999867e-01 1.204162377838179889e-08 3.473346785596409064e-09
4.000000000000000222e-01 1.210226099187010358e-08 3.891264508659037339e-09
4.400000000000000022e-01 1.216466883844501598e-08 4.319788626118267958e-09
4.799999999999999822e-01 1.222902714624287062e-08 4.760242750811513545e-09
5.200000000000000178e-01 1.229551653801125478e-08 5.214033138798922546e-09
5.600000000000000533e-01 1.236431850547360435e-08 5.682659828040797663e-09
5.999999999999999778e-01 1.243561548425412190e-08 6.167728854575540258e-09
6.400000000000000133e-01 1.250959092941196126e-08 6.670965691679192983e-09
6.800000000000000488e-01 1.258642939163417709e-08 7.194230070543369137e-09
7.199999999999999734e-01 1.266631659413751034e-08 7.739532354256831053e-09
7.600000000000000089e-01 1.274943951032979677e-08 8.309051649623959634e-09
8.000000000000000444e-01 1.283598644228236658e-08 8.905155852548144981e-09
8.399999999999999689e-01 1.292614710006561691e-08 9.530423830789312860e-09
8.800000000000000044e-01 1.302011268200071496e-08 1.018766995059641027e-08
9.200000000000000400e-01 1.311807595588113897e-08 1.087997114774392316e-08
9.599999999999999645e-01 1.322023134121879493e-08 1.161069672420403080e-08
1.000000000000000000e+00 1.332677499257021103e-08 1.238354101248136418e-08
1.040000000000000036e+00 1.343790488399944051e-08 1.320255898130791437e-08
1.080000000000000071e+00 1.355382089473523789e-08 1.407220474611798527e-08
1.120000000000000107e+00 1.367472489608123683e-08 1.499737277778392551e-08
1.159999999999999920e+00 1.380082083963894469e-08 1.598344134919893760e-08
1.199999999999999956e+00 1.393231484690462287e-08 1.703631738838749899e-08
1.239999999999999991e+00 1.406941530030236279e-08 1.816248137434901542e-08
1.280000000000000027e+00 1.421233293571697598e-08 1.936903015841136980e-08
1.320000000000000062e+00 1.436128093659172462e-08 2.066371454148715322e-08
1.360000000000000098e+00 1.451647502965734156e-08 2.205496698578570257e-08
1.400000000000000133e+00 1.467813358236031426e-08 2.355191286213677866e-08
1.439999999999999947e+00 1.484647770205996209e-08 2.516435597888424340e-08
1.479999999999999982e+00 1.502173133706551573e-08 2.690272563224081820e-08
1.520000000000000018e+00 1.520412137958605997e-08 2.877796788410464195e-08
1.560000000000000053e+00 1.539387777066801947e-08 3.080135806892009369e-08
1.600000000000000089e+00 1.559123360719677454e-08 3.298420462201741225e-08
1.640000000000000124e+00 1.579642525104075073e-08 3.533740641436740384e-08
1.679999999999999938e+00 1.600969244041859606e-08 3.787081753792981294e-08
1.719999999999999973e+00 1.623127840357187603e-08 4.059236636975612757e-08
1.760000000000000009e+00 1.646142997482810224e-08 4.350687246924665018e-08
1.800000000000000044e+00 1.670039771314099160e-08 4.661450997475595664e-08
1.840000000000000080e+00 1.694843602319733131e-08 4.990888654809748112e-08
1.880000000000000115e+00 1.720580327918220707e-08 5.337475188619669665e-08
1.919999999999999929e+00 1.747276195129674432e-08 5.698543007044685191e-08
1.959999999999999964e+00 1.774957873512542383e-08 6.070019429444499413e-08
2.000000000000000000e+00 1.803652468395236227e-08 6.446197073493553050e-08
2.040000000000000036e+00 1.833387534412912504e-08 6.819595085827060081e-08
2.080000000000000071e+00 1.864191089359927525e-08 7.180985673328711579e-08
2.120000000000000107e+00 1.896091628368804957e-08 7.519665238190803468e-08
2.160000000000000142e+00 1.929118138426860177e-08 7.824031203899419207e-08
2.200000000000000178e+00 1.963300113241954403e-08 8.082475279608924697e-08
2.240000000000000213e+00 1.998667568469181815e-08 8.284522589884449079e-08
2.280000000000000249e+00 2.035251057310645230e-08 8.422052445927357645e-08
2.319999999999999840e+00 2.073081686500839233e-08 8.490366351228376517e-08
2.359999999999999876e+00 2.112191132690514990e-08 8.488861405825949789e-08
2.399999999999999911e+00 2.152611659242318550e-08 8.421141972987944647e-08
2.439999999999999947e+00 2.194376133451854094e-08 8.294540818893800813e-08
2.479999999999999982e+00 2.237518044208273569e-08 8.119170691585549484e-08
2.520000000000000018e+00 2.282071520108893848e-08 7.906729885626602815e-08
2.560000000000000053e+00 2.328071348042801482e-08 7.669307841656083987e-08
2.600000000000000089e+00 2.375552992258853415e-08 7.418385804438031657e-08
2.640000000000000124e+00 2.424552613933953898e-08 7.164137781168365888e-08
2.680000000000000160e+00 2.475107091257986749e-08 6.915047915333583099e-08
2.720000000000000195e+00 2.527254040052274485e-08 6.677797608390244801e-08
2.760000000000000231e+00 2.581031834938958925e-08 6.457346293198798310e-08
2.800000000000000266e+00 2.636479631079246807e-08 6.257127396140826530e-08
2.839999999999999858e+00 2.693637386499012539e-08 6.079294448352265914e-08
2.879999999999999893e+00 2.752545885020822600e-08 5.924971356273452660e-08
2.919999999999999929e+00 2.813246759822046671e-08 5.794478964237353075e-08
2.959999999999999964e+00 2.875782517639334961e-08 5.687524237178259547e-08
3.000000000000000000e+00 2.940196563640362629e-08 5.603348086609404435e-08
3.040000000000000036e+00 3.006533226984409507e-08 5.540833724625571208e-08
3.080000000000000071e+00 3.074837787094006459e-08 5.498580528711289595e-08
3.120000000000000107e+00 3.145156500660584416e-08 5.474949754364578221e-08
3.160000000000000142e+00 3.217536629407756339e-08 5.468088832475354614e-08
3.200000000000000178e+00 3.292026468636651798e-08 5.475940962842772179e-08
3.240000000000000213e+00 3.368675376578414389e-08 5.496246564414181405e-08
3.280000000000000249e+00 3.447533804579828188e-08 5.526542985266220909e-08
3.320000000000000284e+00 3.528653328148791830e-08 5.564168690373215025e-08
3.359999999999999876e+00 3.612086678887227030e-08 5.606277809702861592e-08
3.399999999999999911e+00 3.697887777339861981e-08 5.649870255165179252e-08
3.439999999999999947e+00 3.786111766788184420e-08 5.691841397241420832e-08
3.479999999999999982e+00 3.876815048019813999e-08 5.729053371908890511e-08
3.520000000000000018e+00 3.970055315104427080e-08 5.758427429701157620e-08
3.560000000000000053e+00 4.065891592208372883e-08 5.777053501355606976e-08
3.600000000000000089e+00 4.164384271481076815e-08 5.782309735570698188e-08
3.640000000000000124e+00 4.265595152047344579e-08 5.771981773317706937e-08
3.680000000000000160e+00 4.369587480140733476e-08 5.744369668999506091e-08
3.720000000000000195e+00 4.476425990414216795e-08 5.698370269318456656e-08
3.760000000000000231e+00 4.586176948465447777e-08 5.633524825073797258e-08
3.800000000000000266e+00 4.698908194615093033e-08 5.550025479037079959e-08
3.839999999999999858e+00 4.814689188977787857e-08 5.448679391602080989e-08
3.879999999999999893e+00 4.933591057866524563e-08 5.330834636034373840e-08
3.919999999999999929e+00 5.055686641572400640e-08 5.198276547729581723e-08
3.959999999999999964e+00 5.181050543562951881e-08 5.053106110884228506e-08
4.000000000000000000e+00 5.309759181143521178e-08 4.897612823249714607e-08
4.000000000000000000e+00 5.309759181143521178e-08 4.897612823249714607e-08
4.107382550335570315e+00 5.672438700063622748e-08 4.447161019431862670e-08
4.214765100671140630e+00 6.061379351017955728e-08 3.981038162471535567e-08
4.322147651006710944e+00 6.478273527364997809e-08 3.530848120245597413e-08
4.429530201342282147e+00 6.924929906129777552e-08 3.115701452935454750e-08
4.536912751677852462e+00 7.403282725594317420e-08 2.744291837667692804e-08
4.644295302013422777e+00 7.915401829027461201e-08 2.418281067435768533e-08
4.751677852348993092e+00 8.463503537262000859e-08 2.135312259850771198e-08
4.859060402684563407e+00 9.049962416692440803e-08 1.891131535317010369e-08
4.966442953020134610e+00 9.677324012978097152e-08 1.680881439051670406e-08
5.073825503355704925e+00 1.034831862414730400e-07 1.499800858323635022e-08
5.181208053691275239e+00 1.106587618971534138e-07 1.343553899979320547e-08
5.288590604026845554e+00 1.183314237459983429e-07 1.208347753462743786e-08
5.395973154362415869e+00 1.265349592771715188e-07 1.090940506725680028e-08
5.503355704697986184e+00 1.353056739475453301e-07 9.885976119237265340e-09
5.610738255033556499e+00 1.446825926220277784e-07 8.990289975125834824e-09
5.718120805369127702e+00 1.547076760462908277e-07 8.203231482643831767e-09
5.825503355704698016e+00 1.654260529851703015e-07 7.508857400927839041e-09
5.932885906040268331e+00 1.768862685273218759e-07 6.893857710773643362e-09
6.040268456375839534e+00 1.891405488645052923e-07 6.347097895015055890e-09
6.147651006711409849e+00 2.022450825854931301e-07 5.859237327779728557e-09
6.255033557046980164e+00 2.162603181594735344e-07 5.422414617690672200e-09
6.362416107382550479e+00 2.312512767965142670e-07 5.029989748466165857e-09
6.469798657718120793e+00 2.472878792320787376e-07 4.676333388887124156e-09
6.577181208053691108e+00 2.644452841507385204e-07 4.356654885391258902e-09
6.684563758389261423e+00 2.828042348951828768e-07 4.066861746636798499e-09
6.791946308724831738e+00 3.024514097451571060e-07 3.803444666983775407e-09
6.899328859060402053e+00 3.234797693313320694e-07 3.563383228649799154e-09
7.006711409395973256e+00 3.459888925939322969e-07 3.344068347327074525e-09
7.114093959731543571e+00 3.700852900153602159e-07 3.143238289880627112e-09
7.221476510067113885e+00 3.958826795474754563e-07 2.958925714033850021e-09
7.328859060402685088e+00 4.235022066032283394e-07 2.789413680669743783e-09
7.436241610738255403e+00 4.530725845653380816e-07 2.633198990763982995e-09
7.543624161073825718e+00 4.847301263539139836e-07 2.488961519815124517e-09
7.651006711409396033e+00 5.186186305675882294e-07 2.355538478833358285e-09
7.758389261744966348e+00 5.548890774658134357e-07 2.231902735555524986e-09
7.865771812080536662e+00 5.936990805324277321e-07 2.117144493132717788e-09
7.973154362416106977e+00 6.352120285662242466e-07 2.010455754537308578e-09
8.080536912751679068e+00 6.795958413182477203e-07 1.911117106074138839e-09
8.187919463087247607e+00 7.270212489578408266e-07 1.818486437972579343e-09
8.295302013422819698e+00 7.776594926887641001e-07 1.731989288283361043e-09
8.402684563758388236e+00 8.316793316165280732e-07 1.651110551524263776e-09
8.510067114093960328e+00 8.892432309552717981e-07 1.575387338332459529e-09
8.617449664429528866e+00 9.505026009707134717e-07 1.504402808861993246e-09
8.724832214765100957e+00 1.015591957592412311e-06 1.437780832453552267e-09
8.832214765100671272e+00 1.084621888212975582e-06 1.375181350504467075e-09
8.939597315436241587e+00 1.157670734602677791e-06 1.316296339515741095e-09
9.046979865771811902e+00 1.234774954742305803e-06 1.260846287817311756e-09
9.154362416107382217e+00 1.315918202868594948e-06 1.208577113133424398e-09
9.261744966442952531e+00 1.401019278093157169e-06 1.159257459477430140e-09
9.369127516778522846e+00 1.489919241151880567e-06 1.112676321285664775e-09
9.476510067114094937e+00 1.582368187512137284e-06 1.068640950557180212e-09
9.583892617449663476e+00 1.678012388936954927e-06 1.026975009338075191e-09
9.691275167785235567e+00 1.776382761963038013e-06 9.875169354014253880e-10
9.798657718120804105e+00 1.876885866678925024e-06 9.501184936099896088e-10
9.906040268456376197e+00 1.978798845770370910e-06 9.146434893583881485e-10
1.001342281879194651e+01 2.081269832514622623e-06 8.809666237970138316e-10
1.012080536912751683e+01 2.183325329246564303e-06 8.489724733417134706e-10
1.022818791946308714e+01 2.283885827315998983e-06 8.185545783541791699e-10
1.033557046979865746e+01 2.381790462950582437e-06 7.896146279059052944e-10
1.044295302013422777e+01 2.475830770384522143e-06 7.620617292700971781e-10
1.055033557046979809e+01 2.564792643285001690e-06 7.358117522676488597e-10
1.065771812080537018e+01 2.647504546838670863e-06 7.107867398642227879e-10
1.076510067114093872e+01 2.722888990959914792e-06 6.869143775078693501e-10
1.087248322147651081e+01 2.790013469204452172e-06 6.641275146376404579e-10
1.097986577181207934e+01 2.848136671947299234e-06 6.423637326059696672e-10
1.108724832214765144e+01 2.896745925981559338e-06 6.215649539601321438e-10
1.119463087248322175e+01 2.935582528659259763e-06 6.016770886370752849e-10
1.130201342281879207e+01 2.964652847631673039e-06 5.826497131546008140e-10
1.140939597315436238e+01 2.984224554869469658e-06 5.644357793419241448e-10
1.151677852348993270e+01 2.994808899692914764e-06 5.469913495535409549e-10
1.162416107382550301e+01 2.997131241492596457e-06 5.302753556604083255e-10
1.173154362416107332e+01 2.992092958310630471e-06 5.142493794186423554e-10
1.183892617449664542e+01 2.980728220557492507e-06 4.988774520842226411e-10
1.194630872483221395e+01 2.964158976378117816e-06 4.841258713776371214e-10
1.205369127516778427e+01 2.943550932898311008e-06 4.699630341093844305e-10
1.216107382550335636e+01 2.920072485707264712e-06 4.563592829594918227e-10
1.226845637583892668e+01 2.894857611590864441e-06 4.432867660649040376e-10
1.237583892617449699e+01 2.868972844637687206e-06 4.307193082105248859e-10
1.248322147651006730e+01 2.843387719930853405e-06 4.186322925452377401e-10
1.259060402684563762e+01 2.818947577308060296e-06 4.070025518554117401e-10
1.269798657718120793e+01 2.796347434383022931e-06 3.958082685270376197e-10
1.280536912751677825e+01 2.776105819627945356e-06 3.850288824152459873e-10
1.291275167785234856e+01 2.758538058119916704e-06 3.746450059178829559e-10
1.302013422818791888e+01 2.743729568935978382e-06 3.646383456192200281e-10
1.312751677852348919e+01 2.731511262058590120e-06 3.549916299317683052e-10
1.323489932885905951e+01 2.721440999690258233e-06 3.456885422194302036e-10
1.334228187919462982e+01 2.712796999133325009e-06 3.367136589346284771e-10
1.344966442953020191e+01 2.704590420372601206e-06 3.280523923462812807e-10
1.355704697986577223e+01 2.695604370060699698e-06 3.196909374751225931e-10
1.366442953020134254e+01 2.684464283227564312e-06 3.116162228884272453e-10
1.377181208053691286e+01 2.669739610193231870e-06 3.038158650381469089e-10
1.387919463087248317e+01 2.650069368284092412e-06 2.962781258551794422e-10
1.398657718120805349e+01 2.624296153565476160e-06 2.889918733383589960e-10
1.409395973154362380e+01 2.591587456760363812e-06 2.819465449000511030e-10
1.420134228187919412e+01 2.551522411979401887e-06 2.751321132512646761e-10
1.430872483221476443e+01 2.504127740184312382e-06 2.685390546281746775e-10
1.441610738255033475e+01 2.449857379486701019e-06 2.621583191791106280e-10
1.452348993288590506e+01 2.389522584470279391e-06 2.559813033465992881e-10
1.463087248322147715e+01 2.324188942952388211e-06 2.499998240931115513e-10
1.473825503355704747e+01 2.255060971209055566e-06 2.442060948319174201e-10
1.484563758389261778e+01 2.183373339301702215e-06 2.385927029360263844e-10
1.495302013422818810e+01 2.110302123176382874e-06 2.331525887086997968e-10
1.506040268456375841e+01 2.036902438393080976e-06 2.278790257085776907e-10
1.516778523489932873e+01 1.964072640564424459e-06 2.227656023311580660e-10
1.527516778523489904e+01 1.892541174848998648e-06 2.178062045562847535e-10
1.538255033557046936e+01 1.822870272254694229e-06 2.129949997785158740e-10
1.548993288590603967e+01 1.755470530602366421e-06 2.083264216438309259e-10
1.559731543624160999e+01 1.690621283502610904e-06 2.037951558221439467e-10
1.570469798657718030e+01 1.628492937873897927e-06 1.993961266505828806e-10
1.581208053691275062e+01 1.569168737915139623e-06 1.951244845875177456e-10
1.591946308724832271e+01 1.512664479187901913e-06 1.909755944219167309e-10
1.602684563758389302e+01 1.458945483359089927e-06 1.869450241868175342e-10
1.613422818791946156e+01 1.407940668193774491e-06 1.830285347295603567e-10
1.624161073825503365e+01 1.359553860547698274e-06 1.792220698949680393e-10
1.634899328859060574e+01 1.313672661419002266e-06 1.755217472809055072e-10
1.645637583892617428e+01 1.270175233422053623e-06 1.719238495286346680e-10
1.656375838926174282e+01 1.228935382147844541e-06 1.684248161131237857e-10
1.667114093959731491e+01 1.189826271642966544e-06 1.650212356009913162e-10
1.677852348993288700e+01 1.152723068747126073e-06 1.617098383460887752e-10
1.688590604026845554e+01 1.117504762143087380e-06 1.584874895948602989e-10
1.699328859060402408e+01 1.084055355647358131e-06 1.553511829755924622e-10
1.710067114093959617e+01 1.052264594323657816e-06 1.522980343474836822e-10
1.720805369127516826e+01 1.022028347377695313e-06 1.493252759871392832e-10
1.731543624161074035e+01 9.932487433955465687e-07 1.464302510916453836e-10
1.742281879194630889e+01 9.658341307119672571e-07 1.436104085788113734e-10
1.753020134228187743e+01 9.396989177334484422e-07 1.408632981664867932e-10
1.763758389261744952e+01 9.147633340641016444e-07 1.381865657140883670e-10
1.774496644295302161e+01 8.909531425247283178e-07 1.355779488106014476e-10
1.785234899328859015e+01 8.681993239521497208e-07 1.330352725943716870e-10
1.795973154362415869e+01 8.464377504624122185e-07 1.305564457909744218e-10
1.806711409395973078e+01 8.256088582068642186e-07 1.281394569563510746e-10
1.817449664429530287e+01 8.056573271848517795e-07 1.257823709132379136e-10
1.828187919463087141e+01 7.865317731181128835e-07 1.234833253696884673e-10
1.838926174496644350e+01 7.681844545201115261e-07 1.212405277092123400e-10
1.849664429530201204e+01 7.505709967388601597e-07 1.190522519427244631e-10
1.860402684563758413e+01 7.336501337844284387e-07 1.169168358131181386e-10
1.871140939597315622e+01 7.173834680734559306e-07 1.148326780438587969e-10
1.881879194630872476e+01 7.017352477575382512e-07 1.127982357235313499e-10
1.892617449664429330e+01 6.866721609938482622e-07 1.108120218187770650e-10
1.903355704697986539e+01 6.721631463222664253e-07 1.088726028085253608e-10
1.914093959731543748e+01 6.581792182017608165e-07 1.069785964328582434e-10
1.924832214765100602e+01 6.446933067061504168e-07 1.051286695502546868e-10
1.935570469798657456e+01 6.316801103680234056e-07 1.033215360973395704e-10
1.946308724832214665e+01 6.191159611765497381e-07 1.015559551456169725e-10
1.957046979865771874e+01 6.069787007706294062e-07 9.983072904999699998e-11
1.967785234899329083e+01 5.952475669163953088e-07 9.814470168423457709e-11
1.978523489932885937e+01 5.839030894124719211e-07 9.649675675868679212e-11
1.989261744966442791e+01 5.729269946240668073e-07 9.488581621606581519e-11
2.000000000000000000e+01 5.623021179054180307e-07 9.331083870111587464e-11
