#include "TGraph.h"

double adGSF_ETable[] = {
0.0,
0.04,
0.08,
0.12,
0.16,
0.2,
0.24,
0.28,
0.32,
0.36,
0.4,
0.44,
0.48,
0.52,
0.56,
0.6,
0.64,
0.68,
0.72,
0.76,
0.8,
0.84,
0.88,
0.92,
0.96,
1.0,
1.04,
1.08,
1.12,
1.16,
1.2,
1.24,
1.28,
1.32,
1.36,
1.4,
1.44,
1.48,
1.52,
1.56,
1.6,
1.64,
1.68,
1.72,
1.76,
1.8,
1.84,
1.88,
1.92,
1.96,
2.0,
2.04,
2.08,
2.12,
2.16,
2.2,
2.24,
2.28,
2.32,
2.36,
2.4,
2.44,
2.48,
2.52,
2.56,
2.6,
2.64,
2.68,
2.72,
2.76,
2.8,
2.84,
2.88,
2.92,
2.96,
3.0,
3.04,
3.08,
3.12,
3.16,
3.2,
3.24,
3.28,
3.32,
3.36,
3.4,
3.44,
3.48,
3.52,
3.56,
3.6,
3.64,
3.68,
3.72,
3.76,
3.8,
3.84,
3.88,
3.92,
3.96,
4.0,
4.0,
4.10738255034,
4.21476510067,
4.32214765101,
4.42953020134,
4.53691275168,
4.64429530201,
4.75167785235,
4.85906040268,
4.96644295302,
5.07382550336,
5.18120805369,
5.28859060403,
5.39597315436,
5.5033557047,
5.61073825503,
5.71812080537,
5.8255033557,
5.93288590604,
6.04026845638,
6.14765100671,
6.25503355705,
6.36241610738,
6.46979865772,
6.57718120805,
6.68456375839,
6.79194630872,
6.89932885906,
7.0067114094,
7.11409395973,
7.22147651007,
7.3288590604,
7.43624161074,
7.54362416107,
7.65100671141,
7.75838926174,
7.86577181208,
7.97315436242,
8.08053691275,
8.18791946309,
8.29530201342,
8.40268456376,
8.51006711409,
8.61744966443,
8.72483221477,
8.8322147651,
8.93959731544,
9.04697986577,
9.15436241611,
9.26174496644,
9.36912751678,
9.47651006711,
9.58389261745,
9.69127516779,
9.79865771812,
9.90604026846,
10.0134228188,
10.1208053691,
10.2281879195,
10.3355704698,
10.4429530201,
10.5503355705,
10.6577181208,
10.7651006711,
10.8724832215,
10.9798657718,
11.0872483221,
11.1946308725,
11.3020134228,
11.4093959732,
11.5167785235,
11.6241610738,
11.7315436242,
11.8389261745,
11.9463087248,
12.0536912752,
12.1610738255,
12.2684563758,
12.3758389262,
12.4832214765,
12.5906040268,
12.6979865772,
12.8053691275,
12.9127516779,
13.0201342282,
13.1275167785,
13.2348993289,
13.3422818792,
13.4496644295,
13.5570469799,
13.6644295302,
13.7718120805,
13.8791946309,
13.9865771812,
14.0939597315,
14.2013422819,
14.3087248322,
14.4161073826,
14.5234899329,
14.6308724832,
14.7382550336,
14.8456375839,
14.9530201342,
15.0604026846,
15.1677852349,
15.2751677852,
15.3825503356,
15.4899328859,
15.5973154362,
15.7046979866,
15.8120805369,
15.9194630872,
16.0268456376,
16.1342281879,
16.2416107383,
16.3489932886,
16.4563758389,
16.5637583893,
16.6711409396,
16.7785234899,
16.8859060403,
16.9932885906,
17.1006711409,
17.2080536913,
17.3154362416,
17.4228187919,
17.5302013423,
17.6375838926,
17.744966443,
17.8523489933,
17.9597315436,
18.067114094,
18.1744966443,
18.2818791946,
18.389261745,
18.4966442953,
18.6040268456,
18.711409396,
18.8187919463,
18.9261744966,
19.033557047,
19.1409395973,
19.2483221477,
19.355704698,
19.4630872483,
19.5704697987,
19.677852349,
19.7852348993,
19.8926174497,
20.0
};
const int nGSF_ETable = sizeof(adGSF_ETable)/sizeof(double);

double adGSF_E1[] = {
1.15461947023e-08,
1.15988936067e-08,
1.1651768394e-08,
1.17049950185e-08,
1.17587495771e-08,
1.18132083808e-08,
1.18685480265e-08,
1.19249454685e-08,
1.19825780906e-08,
1.20416237784e-08,
1.21022609919e-08,
1.21646688384e-08,
1.22290271462e-08,
1.2295516538e-08,
1.23643185055e-08,
1.24356154843e-08,
1.25095909294e-08,
1.25864293916e-08,
1.26663165941e-08,
1.27494395103e-08,
1.28359864423e-08,
1.29261471001e-08,
1.3020112682e-08,
1.31180759559e-08,
1.32202313412e-08,
1.33267749926e-08,
1.3437904884e-08,
1.35538208947e-08,
1.36747248961e-08,
1.38008208396e-08,
1.39323148469e-08,
1.40694153003e-08,
1.42123329357e-08,
1.43612809366e-08,
1.45164750297e-08,
1.46781335824e-08,
1.48464777021e-08,
1.50217313371e-08,
1.52041213796e-08,
1.53938777707e-08,
1.55912336072e-08,
1.5796425251e-08,
1.60096924404e-08,
1.62312784036e-08,
1.64614299748e-08,
1.67003977131e-08,
1.69484360232e-08,
1.72058032792e-08,
1.74727619513e-08,
1.77495787351e-08,
1.8036524684e-08,
1.83338753441e-08,
1.86419108936e-08,
1.89609162837e-08,
1.92911813843e-08,
1.96330011324e-08,
1.99866756847e-08,
2.03525105731e-08,
2.0730816865e-08,
2.11219113269e-08,
2.15261165924e-08,
2.19437613345e-08,
2.23751804421e-08,
2.28207152011e-08,
2.32807134804e-08,
2.37555299226e-08,
2.42455261393e-08,
2.47510709126e-08,
2.52725404005e-08,
2.58103183494e-08,
2.63647963108e-08,
2.6936373865e-08,
2.75254588502e-08,
2.81324675982e-08,
2.87578251764e-08,
2.94019656364e-08,
3.00653322698e-08,
3.07483778709e-08,
3.14515650066e-08,
3.21753662941e-08,
3.29202646864e-08,
3.36867537658e-08,
3.44753380458e-08,
3.52865332815e-08,
3.61208667889e-08,
3.69788777734e-08,
3.78611176679e-08,
3.87681504802e-08,
3.9700553151e-08,
4.06589159221e-08,
4.16438427148e-08,
4.26559515205e-08,
4.36958748014e-08,
4.47642599041e-08,
4.58617694847e-08,
4.69890819462e-08,
4.81468918898e-08,
4.93359105787e-08,
5.05568664157e-08,
5.18105054356e-08,
5.30975918114e-08,
5.30975918114e-08,
5.67243870006e-08,
6.06137935102e-08,
6.47827352736e-08,
6.92492990613e-08,
7.40328272559e-08,
7.91540182903e-08,
8.46350353726e-08,
9.04996241669e-08,
9.67732401298e-08,
1.03483186241e-07,
1.10658761897e-07,
1.18331423746e-07,
1.26534959277e-07,
1.35305673948e-07,
1.44682592622e-07,
1.54707676046e-07,
1.65426052985e-07,
1.76886268527e-07,
1.89140548865e-07,
2.02245082585e-07,
2.16260318159e-07,
2.31251276797e-07,
2.47287879232e-07,
2.64445284151e-07,
2.82804234895e-07,
3.02451409745e-07,
3.23479769331e-07,
3.45988892594e-07,
3.70085290015e-07,
3.95882679547e-07,
4.23502206603e-07,
4.53072584565e-07,
4.84730126354e-07,
5.18618630568e-07,
5.54889077466e-07,
5.93699080532e-07,
6.35212028566e-07,
6.79595841318e-07,
7.27021248958e-07,
7.77659492689e-07,
8.31679331617e-07,
8.89243230955e-07,
9.50502600971e-07,
1.01559195759e-06,
1.08462188821e-06,
1.1576707346e-06,
1.23477495474e-06,
1.31591820287e-06,
1.40101927809e-06,
1.48991924115e-06,
1.58236818751e-06,
1.67801238894e-06,
1.77638276196e-06,
1.87688586668e-06,
1.97879884577e-06,
2.08126983251e-06,
2.18332532925e-06,
2.28388582732e-06,
2.38179046295e-06,
2.47583077038e-06,
2.56479264329e-06,
2.64750454684e-06,
2.72288899096e-06,
2.7900134692e-06,
2.84813667195e-06,
2.89674592598e-06,
2.93558252866e-06,
2.96465284763e-06,
2.98422455487e-06,
2.99480889969e-06,
2.99713124149e-06,
2.99209295831e-06,
2.98072822056e-06,
2.96415897638e-06,
2.9435509329e-06,
2.92007248571e-06,
2.89485761159e-06,
2.86897284464e-06,
2.84338771993e-06,
2.81894757731e-06,
2.79634743438e-06,
2.77610581963e-06,
2.75853805812e-06,
2.74372956894e-06,
2.73151126206e-06,
2.72144099969e-06,
2.71279699913e-06,
2.70459042037e-06,
2.69560437006e-06,
2.68446428323e-06,
2.66973961019e-06,
2.65006936828e-06,
2.62429615357e-06,
2.59158745676e-06,
2.55152241198e-06,
2.50412774018e-06,
2.44985737949e-06,
2.38952258447e-06,
2.32418894295e-06,
2.25506097121e-06,
2.1833733393e-06,
2.11030212318e-06,
2.03690243839e-06,
1.96407264056e-06,
1.89254117485e-06,
1.82287027225e-06,
1.7554705306e-06,
1.6906212835e-06,
1.62849293787e-06,
1.56916873792e-06,
1.51266447919e-06,
1.45894548336e-06,
1.40794066819e-06,
1.35955386055e-06,
1.31367266142e-06,
1.27017523342e-06,
1.22893538215e-06,
1.18982627164e-06,
1.15272306875e-06,
1.11750476214e-06,
1.08405535565e-06,
1.05226459432e-06,
1.02202834738e-06,
9.93248743396e-07,
9.65834130712e-07,
9.39698917733e-07,
9.14763334064e-07,
8.90953142525e-07,
8.68199323952e-07,
8.46437750462e-07,
8.25608858207e-07,
8.05657327185e-07,
7.86531773118e-07,
7.6818445452e-07,
7.50570996739e-07,
7.33650133784e-07,
7.17383468073e-07,
7.01735247758e-07,
6.86672160994e-07,
6.72163146322e-07,
6.58179218202e-07,
6.44693306706e-07,
6.31680110368e-07,
6.19115961177e-07,
6.06978700771e-07,
5.95247566916e-07,
5.83903089412e-07,
5.72926994624e-07,
5.62302117905e-07
};
TGraph *grGSF_E1 = new TGraph(nGSF_ETable,adGSF_ETable,adGSF_E1);

double adGSF_M1[] = {
0.0,
3.72876838432e-10,
7.46708627547e-10,
1.12245639623e-09,
1.50109339588e-09,
1.88361137785e-09,
2.27102707296e-09,
2.6643889449e-09,
3.06478429308e-09,
3.4733467856e-09,
3.89126450866e-09,
4.31978862612e-09,
4.76024275081e-09,
5.2140331388e-09,
5.68265982804e-09,
6.16772885458e-09,
6.67096569168e-09,
7.19423007054e-09,
7.73953235426e-09,
8.30905164962e-09,
8.90515585255e-09,
9.53042383079e-09,
1.01876699506e-08,
1.08799711477e-08,
1.16106967242e-08,
1.23835410125e-08,
1.32025589813e-08,
1.40722047461e-08,
1.49973727778e-08,
1.59834413492e-08,
1.70363173884e-08,
1.81624813743e-08,
1.93690301584e-08,
2.06637145415e-08,
2.20549669858e-08,
2.35519128621e-08,
2.51643559789e-08,
2.69027256322e-08,
2.87779678841e-08,
3.08013580689e-08,
3.2984204622e-08,
3.53374064144e-08,
3.78708175379e-08,
4.05923663698e-08,
4.35068724692e-08,
4.66145099748e-08,
4.99088865481e-08,
5.33747518862e-08,
5.69854300704e-08,
6.07001942944e-08,
6.44619707349e-08,
6.81959508583e-08,
7.18098567333e-08,
7.51966523819e-08,
7.8240312039e-08,
8.08247527961e-08,
8.28452258988e-08,
8.42205244593e-08,
8.49036635123e-08,
8.48886140583e-08,
8.42114197299e-08,
8.29454081889e-08,
8.11917069159e-08,
7.90672988563e-08,
7.66930784166e-08,
7.41838580444e-08,
7.16413778117e-08,
6.91504791533e-08,
6.67779760839e-08,
6.4573462932e-08,
6.25712739614e-08,
6.07929444835e-08,
5.92497135627e-08,
5.79447896424e-08,
5.68752423718e-08,
5.60334808661e-08,
5.54083372463e-08,
5.49858052871e-08,
5.47494975436e-08,
5.46808883248e-08,
5.47594096284e-08,
5.49624656441e-08,
5.52654298527e-08,
5.56416869037e-08,
5.6062778097e-08,
5.64987025517e-08,
5.69184139724e-08,
5.72905337191e-08,
5.7584274297e-08,
5.77705350136e-08,
5.78230973557e-08,
5.77198177332e-08,
5.744369669e-08,
5.69837026932e-08,
5.63352482507e-08,
5.55002547904e-08,
5.4486793916e-08,
5.33083463603e-08,
5.19827654773e-08,
5.05310611088e-08,
4.89761282325e-08,
4.89761282325e-08,
4.44716101943e-08,
3.98103816247e-08,
3.53084812025e-08,
3.11570145294e-08,
2.74429183767e-08,
2.41828106744e-08,
2.13531225985e-08,
1.89113153532e-08,
1.68088143905e-08,
1.49980085832e-08,
1.34355389998e-08,
1.20834775346e-08,
1.09094050673e-08,
9.88597611924e-09,
8.99028997513e-09,
8.20323148264e-09,
7.50885740093e-09,
6.89385771077e-09,
6.34709789502e-09,
5.85923732778e-09,
5.42241461769e-09,
5.02998974847e-09,
4.67633338889e-09,
4.35665488539e-09,
4.06686174664e-09,
3.80344466698e-09,
3.56338322865e-09,
3.34406834733e-09,
3.14323828988e-09,
2.95892571403e-09,
2.78941368067e-09,
2.63319899076e-09,
2.48896151982e-09,
2.35553847883e-09,
2.23190273556e-09,
2.11714449313e-09,
2.01045575454e-09,
1.91111710607e-09,
1.81848643797e-09,
1.73198928828e-09,
1.65111055152e-09,
1.57538733833e-09,
1.50440280886e-09,
1.43778083245e-09,
1.3751813505e-09,
1.31629633952e-09,
1.26084628782e-09,
1.20857711313e-09,
1.15925745948e-09,
1.11267632129e-09,
1.06864095056e-09,
1.02697500934e-09,
9.87516935401e-10,
9.5011849361e-10,
9.14643489358e-10,
8.80966623797e-10,
8.48972473342e-10,
8.18554578354e-10,
7.89614627906e-10,
7.6206172927e-10,
7.35811752268e-10,
7.10786739864e-10,
6.86914377508e-10,
6.64127514638e-10,
6.42363732606e-10,
6.2156495396e-10,
6.01677088637e-10,
5.82649713155e-10,
5.64435779342e-10,
5.46991349554e-10,
5.3027535566e-10,
5.14249379419e-10,
4.98877452084e-10,
4.84125871378e-10,
4.69963034109e-10,
4.56359282959e-10,
4.43286766065e-10,
4.30719308211e-10,
4.18632292545e-10,
4.07002551855e-10,
3.95808268527e-10,
3.85028882415e-10,
3.74645005918e-10,
3.64638345619e-10,
3.54991629932e-10,
3.45688542219e-10,
3.36713658935e-10,
3.28052392346e-10,
3.19690937475e-10,
3.11616222888e-10,
3.03815865038e-10,
2.96278125855e-10,
2.88991873338e-10,
2.819465449e-10,
2.75132113251e-10,
2.68539054628e-10,
2.62158319179e-10,
2.55981303347e-10,
2.49999824093e-10,
2.44206094832e-10,
2.38592702936e-10,
2.33152588709e-10,
2.27879025709e-10,
2.22765602331e-10,
2.17806204556e-10,
2.12994999779e-10,
2.08326421644e-10,
2.03795155822e-10,
1.99396126651e-10,
1.95124484588e-10,
1.90975594422e-10,
1.86945024187e-10,
1.8302853473e-10,
1.79222069895e-10,
1.75521747281e-10,
1.71923849529e-10,
1.68424816113e-10,
1.65021235601e-10,
1.61709838346e-10,
1.58487489595e-10,
1.55351182976e-10,
1.52298034347e-10,
1.49325275987e-10,
1.46430251092e-10,
1.43610408579e-10,
1.40863298166e-10,
1.38186565714e-10,
1.35577948811e-10,
1.33035272594e-10,
1.30556445791e-10,
1.28139456956e-10,
1.25782370913e-10,
1.2348332537e-10,
1.21240527709e-10,
1.19052251943e-10,
1.16916835813e-10,
1.14832678044e-10,
1.12798235724e-10,
1.10812021819e-10,
1.08872602809e-10,
1.06978596433e-10,
1.0512866955e-10,
1.03321536097e-10,
1.01555955146e-10,
9.983072905e-11,
9.81447016842e-11,
9.64967567587e-11,
9.48858162161e-11,
9.33108387011e-11
};
TGraph *grGSF_M1 = new TGraph(nGSF_ETable,adGSF_ETable,adGSF_M1);

double adGSF_E2[] = {
0,
0,
0,
0,
0,
0,
0,
0,
0,
0,
0,
0,
0,
0,
0,
0,
0,
0,
0,
0,
0,
0,
0,
0,
0,
0,
0,
0,
0,
0,
0,
0,
0,
0,
0,
0,
0,
0,
0,
0,
0,
0,
0,
0,
0,
0,
0,
0,
0,
0,
0,
0,
0,
0,
0,
0,
0,
0,
0,
0,
0,
0,
0,
0,
0,
0,
0,
0,
0,
0,
0,
0,
0,
0,
0,
0,
0,
0,
0,
0,
0,
0,
0,
0,
0,
0,
0,
0,
0,
0,
0,
0,
0,
0,
0,
0,
0,
0,
0,
0,
0,
0,
0,
0,
0,
0,
0,
0,
0,
0,
0,
0,
0,
0,
0,
0,
0,
0,
0,
0,
0,
0,
0,
0,
0,
0,
0,
0,
0,
0,
0,
0,
0,
0,
0,
0,
0,
0,
0,
0,
0,
0,
0,
0,
0,
0,
0,
0,
0,
0,
0,
0,
0,
0,
0,
0,
0,
0,
0,
0,
0,
0,
0,
0,
0,
0,
0,
0,
0,
0,
0,
0,
0,
0,
0,
0,
0,
0,
0,
0,
0,
0,
0,
0,
0,
0,
0,
0,
0,
0,
0,
0,
0,
0,
0,
0,
0,
0,
0,
0,
0,
0,
0,
0,
0,
0,
0,
0,
0,
0,
0,
0,
0,
0,
0,
0,
0,
0,
0,
0,
0,
0,
0,
0,
0,
0,
0,
0,
0,
0,
0,
0,
0,
0,
0,
0,
0,
0,
0,
0,
0,
0,
0,
0,
0,
0,
0,
0,
0,
0,
0
};
TGraph *grGSF_E2 = new TGraph(nGSF_ETable,adGSF_ETable,adGSF_E2);

