 Parameters used:

First geneneration spectra extracted for
excitation energies between  6838.-   38. keV
corresponding to y-channels    68 -    0
 Number of spectra=   69
 Ax0 =    39.0 Ax1 =   104.0 Ay0 =    37.5 Ay1 =   100.0
 AxW0=     0.0 AxW1=     0.0 AyW0=     0.0 AyW1=     0.0
 Weighting: 0 Level density parameter a=16.0 Exponent n=4.2
 Normalization= 2 Stat/Tot= 2 Areacorr.= 1
 Experimental lower gamma threshold:      560.0 keV (ch=   5)
 Upper threshold for statistical gammas: 1400.0 keV (ch=  13)
 Average energy entry point in g.s. band:  300.(stat)     0.(tot)
 Sliding threshold given by Ex*R, with R = 0.30
 Multiplicities: MA = Af/Afg and ME = (Ex-ExEntry)/<Eg>

Iteration number:   1
Y-ch   Ex        Af        Ag       Afg  Mult    Sing Alpha MATot METot MASta MESta
 68  6838.       59.       42.       17. 3.70       0  1.15  3.44  3.70  2.36  2.90
 67  6738.     1116.      765.      350. 3.77       0  1.15  3.18  3.77  2.44  2.82
 66  6638.     8040.     5580.     2460. 3.67       0  1.15  3.27  3.67  2.42  2.75
 65  6538.    21271.    14801.     6470. 3.60    1000  1.15  3.29  3.60  2.37  2.71
 64  6438.    29049.    20164.     8884. 3.55    1000  1.15  3.27  3.55  2.34  2.67
 63  6338.    29645.    20484.     9160. 3.51    1000  1.15  3.24  3.51  2.32  2.63
 62  6238.    29508.    20287.     9222. 3.47    1000  1.15  3.20  3.47  2.28  2.59
 61  6138.    29439.    20118.     9322. 3.43    1000  1.15  3.16  3.43  2.28  2.54
 60  6038.    29011.    19763.     9248. 3.38    1000  1.15  3.14  3.38  2.22  2.52
 59  5938.    28378.    19254.     9125. 3.33    1000  1.15  3.11  3.33  2.19  2.47
 58  5838.    27815.    18746.     9069. 3.30    1000  1.15  3.07  3.30  2.17  2.44
 57  5738.    27481.    18406.     9075. 3.26    1000  1.15  3.03  3.26  2.12  2.40
 56  5638.    26909.    18139.     8770. 3.18    1000  1.15  3.07  3.18  2.10  2.35
 55  5538.    26633.    17813.     8820. 3.14    1000  1.15  3.02  3.14  2.06  2.31
 54  5438.    26392.    17634.     8757. 3.09    1000  1.15  3.01  3.09  2.04  2.26
 53  5338.    25833.    17120.     8713. 3.05    1000  1.15  2.96  3.05  2.00  2.23
 52  5238.    25617.    16872.     8745. 3.01    1000  1.15  2.93  3.01  1.98  2.18
 51  5138.    25024.    16456.     8568. 2.95    1000  1.15  2.92  2.95  1.95  2.13
 50  5038.    24600.    16024.     8575. 2.92    1000  1.15  2.87  2.92  1.90  2.11
 49  4938.    24337.    15826.     8511. 2.86    1000  1.15  2.86  2.86  1.88  2.06
 48  4838.    24036.    15467.     8570. 2.83    1000  1.15  2.80  2.83  1.84  2.02
 47  4738.    23485.    14976.     8510. 2.76    1000  1.13  2.76  2.76  1.79  1.97
 46  4638.    22865.    14506.     8359. 2.74    1000  1.14  2.74  2.74  1.77  1.94
 45  4538.    22475.    14057.     8418. 2.67    1000  1.13  2.67  2.67  1.72  1.89
 44  4438.    22151.    13655.     8496. 2.61    1000  1.11  2.61  2.61  1.73  1.90
 43  4338.    21812.    13407.     8405. 2.60    1000  1.13  2.60  2.60  1.72  1.86
 42  4238.    21447.    12989.     8458. 2.54    1000  1.11  2.54  2.54  1.66  1.82
 41  4138.    21258.    12723.     8535. 2.49    1000  1.11  2.49  2.49  1.63  1.78
 40  4038.    20661.    12186.     8475. 2.44    1000  1.10  2.44  2.44  1.67  1.79
 39  3938.    19819.    11610.     8209. 2.41    1000  1.11  2.41  2.41  1.65  1.76
 38  3838.    19922.    11473.     8449. 2.36    1000  1.09  2.36  2.36  1.59  1.72
 37  3738.    19293.    10979.     8314. 2.32    1000  1.09  2.32  2.32  1.63  1.73
 36  3638.    19051.    10636.     8415. 2.26    1000  1.08  2.26  2.26  1.58  1.68
 35  3538.    18395.    10113.     8282. 2.22    1000  1.09  2.22  2.22  1.53  1.64
 34  3438.    18534.    10014.     8520. 2.18    1000  1.08  2.18  2.18  1.50  1.59
 33  3338.    18119.     9677.     8443. 2.15    1000  1.08  2.15  2.15  1.57  1.64
 32  3238.    17648.     9292.     8357. 2.11    1000  1.08  2.11  2.11  1.53  1.61
 31  3138.    17648.     9175.     8474. 2.08    1000  1.09  2.08  2.08  1.50  1.58
 30  3038.    17022.     8729.     8293. 2.05    1000  1.09  2.05  2.05  1.51  1.61
 29  2938.    17042.     8601.     8441. 2.02    1000  1.10  2.02  2.02  1.48  1.56
 28  2838.    16455.     7900.     8555. 1.92    1000  1.04  1.92  1.92  1.42  1.48
 27  2738.    16099.     7360.     8738. 1.84    1000  0.99  1.84  1.84  1.36  1.41
 26  2638.    14902.     6244.     8658. 1.72    1000  0.89  1.72  1.72  1.31  1.37
 25  2538.    13883.     5572.     8311. 1.67    1000  0.87  1.67  1.67  1.28  1.33
 24  2438.    14073.     5617.     8456. 1.66    1000  0.91  1.66  1.66  1.26  1.31
 23  2338.    13790.     5275.     8515. 1.62    1000  0.90  1.62  1.62  1.23  1.28
 22  2238.    12902.     4724.     8179. 1.58    1000  0.90  1.58  1.58  1.20  1.26
 21  2138.    13202.     4760.     8441. 1.56    1000  0.94  1.56  1.56  1.17  1.25
 20  2038.    13501.     4972.     8529. 1.58    1000  1.05  1.58  1.58  1.16  1.24
 19  1938.    14146.     4940.     9206. 1.54    1000  1.05  1.54  1.54  1.54  1.30
 18  1838.    12869.     3772.     9097. 1.41    1000  0.89  1.41  1.41  1.41  1.18
 17  1738.    10718.     2992.     7726. 1.39    1000  0.92  1.39  1.39  1.39  1.15
 16  1638.    11261.     3364.     7897. 1.43    1000  1.13  1.43  1.43  1.43  1.16
 15  1538.    12056.     3228.     8827. 1.43    1000  1.15  1.37  1.43  1.37  1.15
 14  1438.    16414.     3728.    12686. 1.46    1000  1.15  1.29  1.46  1.29  1.16
 13  1338.    21011.     4371.    16640. 1.37    1000  1.15  1.26  1.37  1.26  1.06
 12  1238.    18183.     3314.    14869. 1.28    1000  1.15  1.22  1.28  1.22  0.97
 11  1138.    12041.     1551.    10490. 1.36    1000  1.15  1.15  1.36  1.15  1.00
 10  1038.     5200.      448.     4751. 1.37    1000  1.15  1.09  1.37  1.09  0.97
  9   938.     1275.       69.     1206. 1.12    1000  1.15  1.06  1.12  1.06  0.76
  8   838.      191.        0.      191. 0.92    1000  1.15  1.00  0.92  1.00  0.59
  7   738.       20.        0.       20. 0.95    1000  1.15  1.00  0.95  1.00  0.57
  6   638.       11.        0.       11. 1.14    1000  1.15  1.00  1.14  1.00  0.60
  5   538.        7.        0.        7. 0.96       0  1.15  1.00  0.96  1.00  0.42
  4   438.        3.        0.        3. 0.78       0  1.15  1.00  0.78  1.00  0.36
  3   338.        2.        0.        2. 0.60       0  1.15  1.00  0.60  1.00  0.36
  2   238.        0.        0.        0. 0.00       0  1.15  0.00  0.00  0.00  0.00
  1   138.        0.        0.        0. 0.00       0  1.15  0.00  0.00  0.00  0.00
  0    38.        0.        0.        0. 0.00       0  1.15  0.00  0.00  0.00  0.00

Iteration number:   2
Y-ch   Ex        Af        Ag       Afg  Mult    Sing Alpha MATot METot MASta MESta
 68  6838.       59.       43.       16. 3.70       0  0.99  3.70  3.70  2.78  2.90
 67  6738.     1116.      820.      296. 3.77       0  1.04  3.77  3.77  3.14  2.82
 66  6638.     8040.     5847.     2193. 3.67       0  1.03  3.67  3.67  2.95  2.75
 65  6538.    21271.    15361.     5910. 3.60    1000  1.03  3.60  3.60  2.83  2.71
 64  6438.    29049.    20864.     8185. 3.55    1000  1.02  3.55  3.55  2.78  2.67
 63  6338.    29645.    21191.     8454. 3.51    1000  1.03  3.51  3.51  2.75  2.63
 62  6238.    29508.    20994.     8514. 3.47    1000  1.03  3.47  3.47  2.71  2.59
 61  6138.    29439.    20851.     8589. 3.43    1000  1.03  3.43  3.43  2.72  2.54
 60  6038.    29011.    20426.     8585. 3.38    1000  1.03  3.38  3.38  2.62  2.52
 59  5938.    28378.    19866.     8513. 3.33    1000  1.03  3.33  3.33  2.59  2.47
 58  5838.    27815.    19377.     8438. 3.30    1000  1.04  3.30  3.30  2.57  2.44
 57  5738.    27481.    19044.     8437. 3.26    1000  1.04  3.26  3.26  2.52  2.40
 56  5638.    26909.    18438.     8470. 3.18    1000  1.03  3.18  3.18  2.41  2.35
 55  5538.    26633.    18156.     8477. 3.14    1000  1.04  3.14  3.14  2.38  2.31
 54  5438.    26392.    17838.     8554. 3.09    1000  1.04  3.09  3.09  2.34  2.26
 53  5338.    25833.    17364.     8469. 3.05    1000  1.04  3.05  3.05  2.30  2.23
 52  5238.    25617.    17104.     8513. 3.01    1000  1.04  3.01  3.01  2.29  2.18
 51  5138.    25024.    16550.     8474. 2.95    1000  1.05  2.95  2.95  2.23  2.13
 50  5038.    24600.    16176.     8424. 2.92    1000  1.05  2.92  2.92  2.21  2.11
 49  4938.    24337.    15840.     8497. 2.86    1000  1.06  2.86  2.86  2.15  2.06
 48  4838.    24036.    15552.     8485. 2.83    1000  1.07  2.83  2.83  2.14  2.02
 47  4738.    23485.    14976.     8510. 2.76    1000  1.07  2.76  2.76  2.05  1.97
 46  4638.    22865.    14506.     8359. 2.74    1000  1.08  2.74  2.74  2.06  1.94
 45  4538.    22475.    14057.     8418. 2.67    1000  1.08  2.67  2.67  1.99  1.89
 44  4438.    22151.    13655.     8496. 2.61    1000  1.08  2.61  2.61  1.97  1.90
 43  4338.    21812.    13407.     8405. 2.60    1000  1.10  2.60  2.60  1.98  1.86
 42  4238.    21447.    12989.     8458. 2.54    1000  1.10  2.54  2.54  1.92  1.82
 41  4138.    21258.    12723.     8535. 2.49    1000  1.12  2.49  2.49  1.88  1.78
 40  4038.    20661.    12186.     8475. 2.44    1000  1.13  2.44  2.44  1.91  1.79
 39  3938.    19819.    11610.     8209. 2.41    1000  1.14  2.41  2.41  1.90  1.76
 38  3838.    19922.    11473.     8449. 2.36    1000  1.14  2.36  2.36  1.83  1.72
 37  3738.    19293.    10685.     8608. 2.32    1000  1.15  2.24  2.32  1.81  1.73
 36  3638.    19051.    10188.     8862. 2.26    1000  1.15  2.15  2.26  1.75  1.68
 35  3538.    18395.     9459.     8936. 2.22    1000  1.15  2.06  2.22  1.69  1.64
 34  3438.    18534.     9116.     9418. 2.18    1000  1.15  1.97  2.18  1.63  1.59
 33  3338.    18119.     8523.     9596. 2.15    1000  1.15  1.89  2.15  1.65  1.64
 32  3238.    17648.     8062.     9586. 2.11    1000  1.15  1.84  2.11  1.61  1.61
 31  3138.    17648.     7867.     9781. 2.08    1000  1.15  1.80  2.08  1.58  1.58
 30  3038.    17022.     7239.     9784. 2.05    1000  1.15  1.74  2.05  1.56  1.61
 29  2938.    17042.     7054.     9988. 2.02    1000  1.15  1.71  2.02  1.53  1.56
 28  2838.    16455.     5997.    10459. 1.92    1000  1.15  1.57  1.92  1.42  1.48
 27  2738.    16099.     5378.    10720. 1.84    1000  1.15  1.50  1.84  1.36  1.41
 26  2638.    14902.     4976.     9927. 1.72    1000  1.15  1.50  1.72  1.36  1.37
 25  2538.    13883.     4657.     9226. 1.67    1000  1.15  1.50  1.67  1.35  1.33
 24  2438.    14073.     4276.     9797. 1.66    1000  1.15  1.44  1.66  1.31  1.31
 23  2338.    13790.     3523.    10267. 1.62    1000  1.15  1.34  1.62  1.26  1.28
 22  2238.    12902.     3125.     9777. 1.58    1000  1.15  1.32  1.58  1.23  1.26
 21  2138.    13202.     3133.    10068. 1.56    1000  1.15  1.31  1.56  1.19  1.25
 20  2038.    13501.     3199.    10303. 1.58    1000  1.15  1.31  1.58  1.17  1.24
 19  1938.    14146.     2470.    11676. 1.54    1000  1.15  1.21  1.54  1.21  1.30
 18  1838.    12869.     1797.    11072. 1.41    1000  1.15  1.16  1.41  1.16  1.18
 17  1738.    10718.     1560.     9158. 1.39    1000  1.15  1.17  1.39  1.17  1.15
 16  1638.    11261.     1574.     9687. 1.43    1000  1.15  1.16  1.43  1.16  1.16
 15  1538.    12056.     1489.    10566. 1.43    1000  1.15  1.14  1.43  1.14  1.15
 14  1438.    16414.     2017.    14396. 1.46    1000  1.15  1.14  1.46  1.14  1.16
 13  1338.    21011.     1450.    19560. 1.37    1000  1.15  1.07  1.37  1.07  1.06
 12  1238.    18183.      765.    17418. 1.28    1000  1.15  1.04  1.28  1.04  0.97
 11  1138.    12041.        0.    12041. 1.36    1000  1.15  1.00  1.36  1.00  1.00
 10  1038.     5200.        0.     5200. 1.37    1000  1.15  1.00  1.37  1.00  0.97
  9   938.     1275.        0.     1275. 1.12    1000  1.15  1.00  1.12  1.00  0.76
  8   838.      191.        0.      191. 0.92    1000  1.15  1.00  0.92  1.00  0.59
  7   738.       20.        0.       20. 0.95    1000  1.15  1.00  0.95  1.00  0.57
  6   638.       11.        0.       11. 1.14    1000  1.15  1.00  1.14  1.00  0.60
  5   538.        7.        0.        7. 0.96       0  1.15  1.00  0.96  1.00  0.42
  4   438.        3.        0.        3. 0.78       0  1.15  1.00  0.78  1.00  0.36
  3   338.        2.        0.        2. 0.60       0  1.15  1.00  0.60  1.00  0.36
  2   238.        0.        0.        0. 0.00       0  1.15  0.00  0.00  0.00  0.00
  1   138.        0.        0.        0. 0.00       0  1.15  0.00  0.00  0.00  0.00
  0    38.        0.        0.        0. 0.00       0  1.15  0.00  0.00  0.00  0.00

Iteration number:   3
Y-ch   Ex        Af        Ag       Afg  Mult    Sing Alpha MATot METot MASta MESta
 68  6838.       59.       43.       16. 3.70       0  0.93  3.70  3.70  2.81  2.90
 67  6738.     1116.      820.      296. 3.77       0  0.99  3.77  3.77  3.20  2.82
 66  6638.     8040.     5847.     2193. 3.67       0  0.99  3.67  3.67  3.01  2.75
 65  6538.    21271.    15361.     5910. 3.60    1000  0.99  3.60  3.60  2.88  2.71
 64  6438.    29049.    20864.     8185. 3.55    1000  0.99  3.55  3.55  2.83  2.67
 63  6338.    29645.    21191.     8454. 3.51    1000  0.99  3.51  3.51  2.80  2.63
 62  6238.    29508.    20994.     8514. 3.47    1000  0.99  3.47  3.47  2.75  2.59
 61  6138.    29439.    20851.     8589. 3.43    1000  1.00  3.43  3.43  2.76  2.54
 60  6038.    29011.    20426.     8585. 3.38    1000  0.99  3.38  3.38  2.66  2.52
 59  5938.    28378.    19866.     8513. 3.33    1000  1.00  3.33  3.33  2.63  2.47
 58  5838.    27815.    19377.     8438. 3.30    1000  1.00  3.30  3.30  2.61  2.44
 57  5738.    27481.    19044.     8437. 3.26    1000  1.00  3.26  3.26  2.56  2.40
 56  5638.    26909.    18438.     8470. 3.18    1000  1.00  3.18  3.18  2.45  2.35
 55  5538.    26633.    18156.     8477. 3.14    1000  1.00  3.14  3.14  2.42  2.31
 54  5438.    26392.    17837.     8554. 3.09    1000  1.00  3.09  3.09  2.37  2.26
 53  5338.    25833.    17364.     8469. 3.05    1000  1.00  3.05  3.05  2.34  2.23
 52  5238.    25617.    17104.     8513. 3.01    1000  1.01  3.01  3.01  2.32  2.18
 51  5138.    25024.    16550.     8474. 2.95    1000  1.01  2.95  2.95  2.27  2.13
 50  5038.    24600.    16176.     8424. 2.92    1000  1.02  2.92  2.92  2.24  2.11
 49  4938.    24337.    15840.     8497. 2.86    1000  1.02  2.86  2.86  2.19  2.06
 48  4838.    24036.    15552.     8485. 2.83    1000  1.03  2.83  2.83  2.18  2.02
 47  4738.    23485.    14976.     8510. 2.76    1000  1.04  2.76  2.76  2.08  1.97
 46  4638.    22865.    14506.     8359. 2.74    1000  1.04  2.74  2.74  2.09  1.94
 45  4538.    22475.    14057.     8418. 2.67    1000  1.04  2.67  2.67  2.02  1.89
 44  4438.    22151.    13655.     8496. 2.61    1000  1.04  2.61  2.61  1.99  1.90
 43  4338.    21812.    13407.     8405. 2.60    1000  1.08  2.60  2.60  1.99  1.86
 42  4238.    21447.    12989.     8458. 2.54    1000  1.06  2.54  2.54  1.95  1.82
 41  4138.    21258.    12723.     8535. 2.49    1000  1.09  2.49  2.49  1.89  1.78
 40  4038.    20661.    12186.     8475. 2.44    1000  1.09  2.44  2.44  1.93  1.79
 39  3938.    19819.    11610.     8209. 2.41    1000  1.12  2.41  2.41  1.91  1.76
 38  3838.    19922.    11473.     8449. 2.36    1000  1.13  2.36  2.36  1.84  1.72
 37  3738.    19293.    10903.     8391. 2.32    1000  1.15  2.30  2.32  1.86  1.73
 36  3638.    19051.    10460.     8591. 2.26    1000  1.15  2.22  2.26  1.80  1.68
 35  3538.    18395.     9810.     8585. 2.22    1000  1.15  2.14  2.22  1.75  1.64
 34  3438.    18534.     9547.     8987. 2.18    1000  1.15  2.06  2.18  1.71  1.59
 33  3338.    18119.     9030.     9089. 2.15    1000  1.15  1.99  2.15  1.74  1.64
 32  3238.    17648.     8506.     9142. 2.11    1000  1.15  1.93  2.11  1.69  1.61
 31  3138.    17648.     8386.     9262. 2.08    1000  1.15  1.91  2.08  1.67  1.58
 30  3038.    17022.     7655.     9367. 2.05    1000  1.15  1.82  2.05  1.63  1.61
 29  2938.    17042.     7632.     9410. 2.02    1000  1.15  1.81  2.02  1.62  1.56
 28  2838.    16455.     6551.     9904. 1.92    1000  1.15  1.66  1.92  1.50  1.48
 27  2738.    16099.     5834.    10265. 1.84    1000  1.15  1.57  1.84  1.41  1.41
 26  2638.    14902.     5482.     9420. 1.72    1000  1.15  1.58  1.72  1.43  1.37
 25  2538.    13883.     5014.     8869. 1.67    1000  1.15  1.57  1.67  1.41  1.33
 24  2438.    14073.     4787.     9286. 1.66    1000  1.15  1.52  1.66  1.38  1.31
 23  2338.    13790.     4218.     9571. 1.62    1000  1.15  1.44  1.62  1.35  1.28
 22  2238.    12902.     3646.     9257. 1.58    1000  1.15  1.39  1.58  1.29  1.26
 21  2138.    13202.     3608.     9593. 1.56    1000  1.15  1.38  1.56  1.24  1.25
 20  2038.    13501.     3534.     9968. 1.58    1000  1.15  1.35  1.58  1.20  1.24
 19  1938.    14146.     3001.    11145. 1.54    1000  1.15  1.27  1.54  1.27  1.30
 18  1838.    12869.     2270.    10599. 1.41    1000  1.15  1.21  1.41  1.21  1.18
 17  1738.    10718.     1878.     8840. 1.39    1000  1.15  1.21  1.39  1.21  1.15
 16  1638.    11261.     2034.     9228. 1.43    1000  1.15  1.22  1.43  1.22  1.16
 15  1538.    12056.     1953.    10103. 1.43    1000  1.15  1.19  1.43  1.19  1.15
 14  1438.    16414.     2426.    13987. 1.46    1000  1.15  1.17  1.46  1.17  1.16
 13  1338.    21011.     2183.    18828. 1.37    1000  1.15  1.12  1.37  1.12  1.06
 12  1238.    18183.     1676.    16507. 1.28    1000  1.15  1.10  1.28  1.10  0.97
 11  1138.    12041.       73.    11968. 1.36    1000  1.15  1.01  1.36  1.01  1.00
 10  1038.     5200.        3.     5196. 1.37    1000  1.15  1.00  1.37  1.00  0.97
  9   938.     1275.        0.     1275. 1.12    1000  1.15  1.00  1.12  1.00  0.76
  8   838.      191.        0.      191. 0.92    1000  1.15  1.00  0.92  1.00  0.59
  7   738.       20.        0.       20. 0.95    1000  1.15  1.00  0.95  1.00  0.57
  6   638.       11.        0.       11. 1.14    1000  1.15  1.00  1.14  1.00  0.60
  5   538.        7.        0.        7. 0.96       0  1.15  1.00  0.96  1.00  0.42
  4   438.        3.        0.        3. 0.78       0  1.15  1.00  0.78  1.00  0.36
  3   338.        2.        0.        2. 0.60       0  1.15  1.00  0.60  1.00  0.36
  2   238.        0.        0.        0. 0.00       0  1.15  0.00  0.00  0.00  0.00
  1   138.        0.        0.        0. 0.00       0  1.15  0.00  0.00  0.00  0.00
  0    38.        0.        0.        0. 0.00       0  1.15  0.00  0.00  0.00  0.00

Iteration number:   4
Y-ch   Ex        Af        Ag       Afg  Mult    Sing Alpha MATot METot MASta MESta
 68  6838.       59.       43.       16. 3.70       0  0.93  3.70  3.70  2.81  2.90
 67  6738.     1116.      820.      296. 3.77       0  0.99  3.77  3.77  3.21  2.82
 66  6638.     8040.     5847.     2193. 3.67       0  0.98  3.67  3.67  3.01  2.75
 65  6538.    21271.    15361.     5910. 3.60    1000  0.98  3.60  3.60  2.89  2.71
 64  6438.    29049.    20864.     8185. 3.55    1000  0.98  3.55  3.55  2.84  2.67
 63  6338.    29645.    21191.     8454. 3.51    1000  0.99  3.51  3.51  2.81  2.63
 62  6238.    29508.    20994.     8514. 3.47    1000  0.98  3.47  3.47  2.76  2.59
 61  6138.    29439.    20851.     8589. 3.43    1000  0.99  3.43  3.43  2.77  2.54
 60  6038.    29011.    20426.     8585. 3.38    1000  0.99  3.38  3.38  2.67  2.52
 59  5938.    28378.    19866.     8513. 3.33    1000  0.99  3.33  3.33  2.64  2.47
 58  5838.    27815.    19377.     8438. 3.30    1000  0.99  3.30  3.30  2.61  2.44
 57  5738.    27481.    19044.     8437. 3.26    1000  0.99  3.26  3.26  2.57  2.40
 56  5638.    26909.    18438.     8470. 3.18    1000  0.99  3.18  3.18  2.46  2.35
 55  5538.    26633.    18156.     8477. 3.14    1000  0.99  3.14  3.14  2.43  2.31
 54  5438.    26392.    17837.     8554. 3.09    1000  1.00  3.09  3.09  2.38  2.26
 53  5338.    25833.    17364.     8469. 3.05    1000  0.99  3.05  3.05  2.35  2.23
 52  5238.    25617.    17104.     8513. 3.01    1000  1.01  3.01  3.01  2.33  2.18
 51  5138.    25024.    16550.     8474. 2.95    1000  1.00  2.95  2.95  2.28  2.13
 50  5038.    24600.    16176.     8424. 2.92    1000  1.01  2.92  2.92  2.24  2.11
 49  4938.    24337.    15840.     8497. 2.86    1000  1.01  2.86  2.86  2.20  2.06
 48  4838.    24036.    15552.     8485. 2.83    1000  1.02  2.83  2.83  2.19  2.02
 47  4738.    23485.    14976.     8510. 2.76    1000  1.03  2.76  2.76  2.09  1.97
 46  4638.    22865.    14506.     8359. 2.74    1000  1.03  2.74  2.74  2.10  1.94
 45  4538.    22475.    14057.     8418. 2.67    1000  1.02  2.67  2.67  2.03  1.89
 44  4438.    22151.    13655.     8496. 2.61    1000  1.03  2.61  2.61  2.00  1.90
 43  4338.    21812.    13407.     8405. 2.60    1000  1.07  2.60  2.60  2.00  1.86
 42  4238.    21447.    12989.     8458. 2.54    1000  1.05  2.54  2.54  1.96  1.82
 41  4138.    21258.    12723.     8535. 2.49    1000  1.08  2.49  2.49  1.90  1.78
 40  4038.    20661.    12186.     8475. 2.44    1000  1.07  2.44  2.44  1.94  1.79
 39  3938.    19819.    11610.     8209. 2.41    1000  1.11  2.41  2.41  1.91  1.76
 38  3838.    19922.    11473.     8449. 2.36    1000  1.11  2.36  2.36  1.85  1.72
 37  3738.    19293.    10979.     8314. 2.32    1000  1.15  2.32  2.32  1.87  1.73
 36  3638.    19051.    10501.     8550. 2.26    1000  1.15  2.23  2.26  1.81  1.68
 35  3538.    18395.     9799.     8596. 2.22    1000  1.15  2.14  2.22  1.75  1.64
 34  3438.    18534.     9521.     9013. 2.18    1000  1.15  2.06  2.18  1.70  1.59
 33  3338.    18119.     9009.     9110. 2.15    1000  1.15  1.99  2.15  1.74  1.64
 32  3238.    17648.     8488.     9160. 2.11    1000  1.15  1.93  2.11  1.69  1.61
 31  3138.    17648.     8394.     9254. 2.08    1000  1.15  1.91  2.08  1.68  1.58
 30  3038.    17022.     7732.     9290. 2.05    1000  1.15  1.83  2.05  1.64  1.61
 29  2938.    17042.     7597.     9445. 2.02    1000  1.15  1.80  2.02  1.62  1.56
 28  2838.    16455.     6595.     9860. 1.92    1000  1.15  1.67  1.92  1.51  1.48
 27  2738.    16099.     5900.    10199. 1.84    1000  1.15  1.58  1.84  1.43  1.41
 26  2638.    14902.     5452.     9451. 1.72    1000  1.15  1.58  1.72  1.43  1.37
 25  2538.    13883.     4999.     8884. 1.67    1000  1.15  1.56  1.67  1.41  1.33
 24  2438.    14073.     4753.     9321. 1.66    1000  1.15  1.51  1.66  1.38  1.31
 23  2338.    13790.     4158.     9632. 1.62    1000  1.15  1.43  1.62  1.35  1.28
 22  2238.    12902.     3563.     9339. 1.58    1000  1.15  1.38  1.58  1.29  1.26
 21  2138.    13202.     3538.     9664. 1.56    1000  1.15  1.37  1.56  1.24  1.25
 20  2038.    13501.     3521.     9980. 1.58    1000  1.15  1.35  1.58  1.20  1.24
 19  1938.    14146.     2905.    11241. 1.54    1000  1.15  1.26  1.54  1.26  1.30
 18  1838.    12869.     2179.    10690. 1.41    1000  1.15  1.20  1.41  1.20  1.18
 17  1738.    10718.     1867.     8851. 1.39    1000  1.15  1.21  1.39  1.21  1.15
 16  1638.    11261.     1979.     9283. 1.43    1000  1.15  1.21  1.43  1.21  1.16
 15  1538.    12056.     1961.    10095. 1.43    1000  1.15  1.19  1.43  1.19  1.15
 14  1438.    16414.     2501.    13912. 1.46    1000  1.15  1.18  1.46  1.18  1.16
 13  1338.    21011.     2196.    18815. 1.37    1000  1.15  1.12  1.37  1.12  1.06
 12  1238.    18183.     1442.    16741. 1.28    1000  1.15  1.09  1.28  1.09  0.97
 11  1138.    12041.       81.    11960. 1.36    1000  1.15  1.01  1.36  1.01  1.00
 10  1038.     5200.        7.     5193. 1.37    1000  1.15  1.00  1.37  1.00  0.97
  9   938.     1275.        0.     1275. 1.12    1000  1.15  1.00  1.12  1.00  0.76
  8   838.      191.        0.      191. 0.92    1000  1.15  1.00  0.92  1.00  0.59
  7   738.       20.        0.       20. 0.95    1000  1.15  1.00  0.95  1.00  0.57
  6   638.       11.        0.       11. 1.14    1000  1.15  1.00  1.14  1.00  0.60
  5   538.        7.        0.        7. 0.96       0  1.15  1.00  0.96  1.00  0.42
  4   438.        3.        0.        3. 0.78       0  1.15  1.00  0.78  1.00  0.36
  3   338.        2.        0.        2. 0.60       0  1.15  1.00  0.60  1.00  0.36
  2   238.        0.        0.        0. 0.00       0  1.15  0.00  0.00  0.00  0.00
  1   138.        0.        0.        0. 0.00       0  1.15  0.00  0.00  0.00  0.00
  0    38.        0.        0.        0. 0.00       0  1.15  0.00  0.00  0.00  0.00

Iteration number:   5
Y-ch   Ex        Af        Ag       Afg  Mult    Sing Alpha MATot METot MASta MESta
 68  6838.       59.       43.       16. 3.70       0  0.93  3.70  3.70  2.82  2.90
 67  6738.     1116.      820.      296. 3.77       0  0.99  3.77  3.77  3.21  2.82
 66  6638.     8040.     5847.     2193. 3.67       0  0.98  3.67  3.67  3.02  2.75
 65  6538.    21271.    15361.     5910. 3.60    1000  0.98  3.60  3.60  2.89  2.71
 64  6438.    29049.    20864.     8185. 3.55    1000  0.98  3.55  3.55  2.84  2.67
 63  6338.    29645.    21191.     8454. 3.51    1000  0.98  3.51  3.51  2.81  2.63
 62  6238.    29508.    20994.     8514. 3.47    1000  0.98  3.47  3.47  2.76  2.59
 61  6138.    29439.    20851.     8589. 3.43    1000  0.99  3.43  3.43  2.77  2.54
 60  6038.    29011.    20426.     8585. 3.38    1000  0.99  3.38  3.38  2.67  2.52
 59  5938.    28378.    19866.     8513. 3.33    1000  0.99  3.33  3.33  2.64  2.47
 58  5838.    27815.    19377.     8438. 3.30    1000  0.99  3.30  3.30  2.62  2.44
 57  5738.    27481.    19044.     8437. 3.26    1000  0.99  3.26  3.26  2.57  2.40
 56  5638.    26909.    18438.     8470. 3.18    1000  0.99  3.18  3.18  2.46  2.35
 55  5538.    26633.    18156.     8477. 3.14    1000  0.99  3.14  3.14  2.43  2.31
 54  5438.    26392.    17837.     8554. 3.09    1000  0.99  3.09  3.09  2.38  2.26
 53  5338.    25833.    17364.     8469. 3.05    1000  0.99  3.05  3.05  2.35  2.23
 52  5238.    25617.    17104.     8513. 3.01    1000  1.00  3.01  3.01  2.33  2.18
 51  5138.    25024.    16550.     8474. 2.95    1000  1.00  2.95  2.95  2.28  2.13
 50  5038.    24600.    16176.     8424. 2.92    1000  1.01  2.92  2.92  2.25  2.11
 49  4938.    24337.    15840.     8497. 2.86    1000  1.01  2.86  2.86  2.20  2.06
 48  4838.    24036.    15552.     8485. 2.83    1000  1.02  2.83  2.83  2.20  2.02
 47  4738.    23485.    14976.     8510. 2.76    1000  1.02  2.76  2.76  2.09  1.97
 46  4638.    22865.    14506.     8359. 2.74    1000  1.03  2.74  2.74  2.11  1.94
 45  4538.    22475.    14057.     8418. 2.67    1000  1.02  2.67  2.67  2.04  1.89
 44  4438.    22151.    13655.     8496. 2.61    1000  1.03  2.61  2.61  2.00  1.90
 43  4338.    21812.    13407.     8405. 2.60    1000  1.07  2.60  2.60  2.00  1.86
 42  4238.    21447.    12989.     8458. 2.54    1000  1.04  2.54  2.54  1.96  1.82
 41  4138.    21258.    12723.     8535. 2.49    1000  1.08  2.49  2.49  1.90  1.78
 40  4038.    20661.    12186.     8475. 2.44    1000  1.07  2.44  2.44  1.94  1.79
 39  3938.    19819.    11610.     8209. 2.41    1000  1.11  2.41  2.41  1.91  1.76
 38  3838.    19922.    11473.     8449. 2.36    1000  1.11  2.36  2.36  1.85  1.72
 37  3738.    19293.    10979.     8314. 2.32    1000  1.15  2.32  2.32  1.87  1.73
 36  3638.    19051.    10518.     8533. 2.26    1000  1.15  2.23  2.26  1.81  1.68
 35  3538.    18395.     9829.     8566. 2.22    1000  1.15  2.15  2.22  1.75  1.64
 34  3438.    18534.     9557.     8977. 2.18    1000  1.15  2.06  2.18  1.71  1.59
 33  3338.    18119.     9042.     9078. 2.15    1000  1.15  2.00  2.15  1.74  1.64
 32  3238.    17648.     8521.     9127. 2.11    1000  1.15  1.93  2.11  1.69  1.61
 31  3138.    17648.     8421.     9227. 2.08    1000  1.15  1.91  2.08  1.68  1.58
 30  3038.    17022.     7749.     9273. 2.05    1000  1.15  1.84  2.05  1.65  1.61
 29  2938.    17042.     7622.     9420. 2.02    1000  1.15  1.81  2.02  1.62  1.56
 28  2838.    16455.     6622.     9833. 1.92    1000  1.15  1.67  1.92  1.51  1.48
 27  2738.    16099.     5922.    10177. 1.84    1000  1.15  1.58  1.84  1.43  1.41
 26  2638.    14902.     5478.     9425. 1.72    1000  1.15  1.58  1.72  1.43  1.37
 25  2538.    13883.     5027.     8857. 1.67    1000  1.15  1.57  1.67  1.41  1.33
 24  2438.    14073.     4789.     9284. 1.66    1000  1.15  1.52  1.66  1.38  1.31
 23  2338.    13790.     4203.     9587. 1.62    1000  1.15  1.44  1.62  1.35  1.28
 22  2238.    12902.     3615.     9287. 1.58    1000  1.15  1.39  1.58  1.30  1.26
 21  2138.    13202.     3577.     9624. 1.56    1000  1.15  1.37  1.56  1.24  1.25
 20  2038.    13501.     3544.     9958. 1.58    1000  1.15  1.36  1.58  1.20  1.24
 19  1938.    14146.     2944.    11202. 1.54    1000  1.15  1.26  1.54  1.26  1.30
 18  1838.    12869.     2206.    10663. 1.41    1000  1.15  1.21  1.41  1.21  1.18
 17  1738.    10718.     1873.     8845. 1.39    1000  1.15  1.21  1.39  1.21  1.15
 16  1638.    11261.     1994.     9267. 1.43    1000  1.15  1.22  1.43  1.22  1.16
 15  1538.    12056.     1968.    10087. 1.43    1000  1.15  1.20  1.43  1.20  1.15
 14  1438.    16414.     2510.    13904. 1.46    1000  1.15  1.18  1.46  1.18  1.16
 13  1338.    21011.     2207.    18803. 1.37    1000  1.15  1.12  1.37  1.12  1.06
 12  1238.    18183.     1504.    16678. 1.28    1000  1.15  1.09  1.28  1.09  0.97
 11  1138.    12041.       87.    11954. 1.36    1000  1.15  1.01  1.36  1.01  1.00
 10  1038.     5200.       10.     5190. 1.37    1000  1.15  1.00  1.37  1.00  0.97
  9   938.     1275.        0.     1275. 1.12    1000  1.15  1.00  1.12  1.00  0.76
  8   838.      191.        0.      191. 0.92    1000  1.15  1.00  0.92  1.00  0.59
  7   738.       20.        0.       20. 0.95    1000  1.15  1.00  0.95  1.00  0.57
  6   638.       11.        0.       11. 1.14    1000  1.15  1.00  1.14  1.00  0.60
  5   538.        7.        0.        7. 0.96       0  1.15  1.00  0.96  1.00  0.42
  4   438.        3.        0.        3. 0.78       0  1.15  1.00  0.78  1.00  0.36
  3   338.        2.        0.        2. 0.60       0  1.15  1.00  0.60  1.00  0.36
  2   238.        0.        0.        0. 0.00       0  1.15  0.00  0.00  0.00  0.00
  1   138.        0.        0.        0. 0.00       0  1.15  0.00  0.00  0.00  0.00
  0    38.        0.        0.        0. 0.00       0  1.15  0.00  0.00  0.00  0.00

Iteration number:   6
Y-ch   Ex        Af        Ag       Afg  Mult    Sing Alpha MATot METot MASta MESta
 68  6838.       59.       43.       16. 3.70       0  0.92  3.70  3.70  2.82  2.90
 67  6738.     1116.      820.      296. 3.77       0  0.99  3.77  3.77  3.21  2.82
 66  6638.     8040.     5847.     2193. 3.67       0  0.98  3.67  3.67  3.02  2.75
 65  6538.    21271.    15361.     5910. 3.60    1000  0.98  3.60  3.60  2.89  2.71
 64  6438.    29049.    20864.     8185. 3.55    1000  0.98  3.55  3.55  2.84  2.67
 63  6338.    29645.    21191.     8454. 3.51    1000  0.98  3.51  3.51  2.81  2.63
 62  6238.    29508.    20994.     8514. 3.47    1000  0.98  3.47  3.47  2.77  2.59
 61  6138.    29439.    20851.     8589. 3.43    1000  0.99  3.43  3.43  2.77  2.54
 60  6038.    29011.    20426.     8585. 3.38    1000  0.98  3.38  3.38  2.68  2.52
 59  5938.    28378.    19866.     8513. 3.33    1000  0.99  3.33  3.33  2.64  2.47
 58  5838.    27815.    19377.     8438. 3.30    1000  0.99  3.30  3.30  2.62  2.44
 57  5738.    27481.    19044.     8437. 3.26    1000  0.99  3.26  3.26  2.57  2.40
 56  5638.    26909.    18438.     8470. 3.18    1000  0.99  3.18  3.18  2.46  2.35
 55  5538.    26633.    18156.     8477. 3.14    1000  0.99  3.14  3.14  2.43  2.31
 54  5438.    26392.    17837.     8554. 3.09    1000  0.99  3.09  3.09  2.38  2.26
 53  5338.    25833.    17364.     8469. 3.05    1000  0.99  3.05  3.05  2.35  2.23
 52  5238.    25617.    17104.     8513. 3.01    1000  1.00  3.01  3.01  2.33  2.18
 51  5138.    25024.    16550.     8474. 2.95    1000  1.00  2.95  2.95  2.28  2.13
 50  5038.    24600.    16176.     8424. 2.92    1000  1.01  2.92  2.92  2.25  2.11
 49  4938.    24337.    15840.     8497. 2.86    1000  1.01  2.86  2.86  2.21  2.06
 48  4838.    24036.    15552.     8485. 2.83    1000  1.02  2.83  2.83  2.20  2.02
 47  4738.    23485.    14976.     8510. 2.76    1000  1.02  2.76  2.76  2.09  1.97
 46  4638.    22865.    14506.     8359. 2.74    1000  1.02  2.74  2.74  2.11  1.94
 45  4538.    22475.    14057.     8418. 2.67    1000  1.02  2.67  2.67  2.04  1.89
 44  4438.    22151.    13655.     8496. 2.61    1000  1.02  2.61  2.61  2.01  1.90
 43  4338.    21812.    13407.     8405. 2.60    1000  1.07  2.60  2.60  2.00  1.86
 42  4238.    21447.    12989.     8458. 2.54    1000  1.04  2.54  2.54  1.96  1.82
 41  4138.    21258.    12723.     8535. 2.49    1000  1.08  2.49  2.49  1.90  1.78
 40  4038.    20661.    12186.     8475. 2.44    1000  1.07  2.44  2.44  1.94  1.79
 39  3938.    19819.    11610.     8209. 2.41    1000  1.10  2.41  2.41  1.91  1.76
 38  3838.    19922.    11473.     8449. 2.36    1000  1.11  2.36  2.36  1.85  1.72
 37  3738.    19293.    10979.     8314. 2.32    1000  1.15  2.32  2.32  1.87  1.73
 36  3638.    19051.    10540.     8511. 2.26    1000  1.15  2.24  2.26  1.81  1.68
 35  3538.    18395.     9850.     8545. 2.22    1000  1.15  2.15  2.22  1.76  1.64
 34  3438.    18534.     9580.     8955. 2.18    1000  1.15  2.07  2.18  1.71  1.59
 33  3338.    18119.     9066.     9054. 2.15    1000  1.15  2.00  2.15  1.75  1.64
 32  3238.    17648.     8546.     9102. 2.11    1000  1.15  1.94  2.11  1.69  1.61
 31  3138.    17648.     8444.     9204. 2.08    1000  1.15  1.92  2.08  1.68  1.58
 30  3038.    17022.     7770.     9252. 2.05    1000  1.15  1.84  2.05  1.65  1.61
 29  2938.    17042.     7645.     9397. 2.02    1000  1.15  1.81  2.02  1.63  1.56
 28  2838.    16455.     6645.     9810. 1.92    1000  1.15  1.68  1.92  1.52  1.48
 27  2738.    16099.     5946.    10153. 1.84    1000  1.15  1.59  1.84  1.43  1.41
 26  2638.    14902.     5498.     9404. 1.72    1000  1.15  1.58  1.72  1.44  1.37
 25  2538.    13883.     5045.     8838. 1.67    1000  1.15  1.57  1.67  1.42  1.33
 24  2438.    14073.     4811.     9262. 1.66    1000  1.15  1.52  1.66  1.39  1.31
 23  2338.    13790.     4224.     9565. 1.62    1000  1.15  1.44  1.62  1.35  1.28
 22  2238.    12902.     3635.     9267. 1.58    1000  1.15  1.39  1.58  1.30  1.26
 21  2138.    13202.     3596.     9605. 1.56    1000  1.15  1.37  1.56  1.24  1.25
 20  2038.    13501.     3563.     9939. 1.58    1000  1.15  1.36  1.58  1.20  1.24
 19  1938.    14146.     2966.    11180. 1.54    1000  1.15  1.27  1.54  1.27  1.30
 18  1838.    12869.     2218.    10651. 1.41    1000  1.15  1.21  1.41  1.21  1.18
 17  1738.    10718.     1881.     8837. 1.39    1000  1.15  1.21  1.39  1.21  1.15
 16  1638.    11261.     2003.     9258. 1.43    1000  1.15  1.22  1.43  1.22  1.16
 15  1538.    12056.     1977.    10079. 1.43    1000  1.15  1.20  1.43  1.20  1.15
 14  1438.    16414.     2520.    13894. 1.46    1000  1.15  1.18  1.46  1.18  1.16
 13  1338.    21011.     2220.    18790. 1.37    1000  1.15  1.12  1.37  1.12  1.06
 12  1238.    18183.     1519.    16664. 1.28    1000  1.15  1.09  1.28  1.09  0.97
 11  1138.    12041.       94.    11947. 1.36    1000  1.15  1.01  1.36  1.01  1.00
 10  1038.     5200.       14.     5186. 1.37    1000  1.15  1.00  1.37  1.00  0.97
  9   938.     1275.        0.     1275. 1.12    1000  1.15  1.00  1.12  1.00  0.76
  8   838.      191.        0.      191. 0.92    1000  1.15  1.00  0.92  1.00  0.59
  7   738.       20.        0.       20. 0.95    1000  1.15  1.00  0.95  1.00  0.57
  6   638.       11.        0.       11. 1.14    1000  1.15  1.00  1.14  1.00  0.60
  5   538.        7.        0.        7. 0.96       0  1.15  1.00  0.96  1.00  0.42
  4   438.        3.        0.        3. 0.78       0  1.15  1.00  0.78  1.00  0.36
  3   338.        2.        0.        2. 0.60       0  1.15  1.00  0.60  1.00  0.36
  2   238.        0.        0.        0. 0.00       0  1.15  0.00  0.00  0.00  0.00
  1   138.        0.        0.        0. 0.00       0  1.15  0.00  0.00  0.00  0.00
  0    38.        0.        0.        0. 0.00       0  1.15  0.00  0.00  0.00  0.00

Iteration number:   7
Y-ch   Ex        Af        Ag       Afg  Mult    Sing Alpha MATot METot MASta MESta
 68  6838.       59.       43.       16. 3.70       0  0.92  3.70  3.70  2.82  2.90
 67  6738.     1116.      820.      296. 3.77       0  0.98  3.77  3.77  3.21  2.82
 66  6638.     8040.     5847.     2193. 3.67       0  0.98  3.67  3.67  3.02  2.75
 65  6538.    21271.    15361.     5910. 3.60    1000  0.98  3.60  3.60  2.89  2.71
 64  6438.    29049.    20864.     8185. 3.55    1000  0.98  3.55  3.55  2.84  2.67
 63  6338.    29645.    21191.     8454. 3.51    1000  0.98  3.51  3.51  2.81  2.63
 62  6238.    29508.    20994.     8514. 3.47    1000  0.98  3.47  3.47  2.77  2.59
 61  6138.    29439.    20851.     8589. 3.43    1000  0.99  3.43  3.43  2.77  2.54
 60  6038.    29011.    20426.     8585. 3.38    1000  0.98  3.38  3.38  2.68  2.52
 59  5938.    28378.    19866.     8513. 3.33    1000  0.99  3.33  3.33  2.64  2.47
 58  5838.    27815.    19377.     8438. 3.30    1000  0.99  3.30  3.30  2.62  2.44
 57  5738.    27481.    19044.     8437. 3.26    1000  0.98  3.26  3.26  2.58  2.40
 56  5638.    26909.    18438.     8470. 3.18    1000  0.98  3.18  3.18  2.46  2.35
 55  5538.    26633.    18156.     8477. 3.14    1000  0.98  3.14  3.14  2.44  2.31
 54  5438.    26392.    17838.     8554. 3.09    1000  0.99  3.09  3.09  2.38  2.26
 53  5338.    25833.    17364.     8469. 3.05    1000  0.99  3.05  3.05  2.35  2.23
 52  5238.    25617.    17104.     8513. 3.01    1000  1.00  3.01  3.01  2.34  2.18
 51  5138.    25024.    16550.     8474. 2.95    1000  0.99  2.95  2.95  2.28  2.13
 50  5038.    24600.    16176.     8424. 2.92    1000  1.00  2.92  2.92  2.25  2.11
 49  4938.    24337.    15840.     8497. 2.86    1000  1.00  2.86  2.86  2.21  2.06
 48  4838.    24036.    15552.     8485. 2.83    1000  1.01  2.83  2.83  2.20  2.02
 47  4738.    23485.    14976.     8510. 2.76    1000  1.02  2.76  2.76  2.10  1.97
 46  4638.    22865.    14506.     8359. 2.74    1000  1.02  2.74  2.74  2.11  1.94
 45  4538.    22475.    14057.     8418. 2.67    1000  1.01  2.67  2.67  2.04  1.89
 44  4438.    22151.    13655.     8496. 2.61    1000  1.02  2.61  2.61  2.01  1.90
 43  4338.    21812.    13407.     8405. 2.60    1000  1.07  2.60  2.60  2.00  1.86
 42  4238.    21447.    12989.     8458. 2.54    1000  1.04  2.54  2.54  1.96  1.82
 41  4138.    21258.    12723.     8535. 2.49    1000  1.07  2.49  2.49  1.90  1.78
 40  4038.    20661.    12186.     8475. 2.44    1000  1.06  2.44  2.44  1.94  1.79
 39  3938.    19819.    11610.     8209. 2.41    1000  1.10  2.41  2.41  1.92  1.76
 38  3838.    19922.    11473.     8449. 2.36    1000  1.10  2.36  2.36  1.85  1.72
 37  3738.    19293.    10979.     8314. 2.32    1000  1.14  2.32  2.32  1.87  1.73
 36  3638.    19051.    10562.     8489. 2.26    1000  1.15  2.24  2.26  1.82  1.68
 35  3538.    18395.     9871.     8524. 2.22    1000  1.15  2.16  2.22  1.76  1.64
 34  3438.    18534.     9601.     8933. 2.18    1000  1.15  2.07  2.18  1.71  1.59
 33  3338.    18119.     9089.     9031. 2.15    1000  1.15  2.01  2.15  1.75  1.64
 32  3238.    17648.     8570.     9078. 2.11    1000  1.15  1.94  2.11  1.70  1.61
 31  3138.    17648.     8467.     9181. 2.08    1000  1.15  1.92  2.08  1.69  1.58
 30  3038.    17022.     7792.     9230. 2.05    1000  1.15  1.84  2.05  1.65  1.61
 29  2938.    17042.     7668.     9374. 2.02    1000  1.15  1.82  2.02  1.63  1.56
 28  2838.    16455.     6668.     9787. 1.92    1000  1.15  1.68  1.92  1.52  1.48
 27  2738.    16099.     5971.    10128. 1.84    1000  1.15  1.59  1.84  1.43  1.41
 26  2638.    14902.     5518.     9384. 1.72    1000  1.15  1.59  1.72  1.44  1.37
 25  2538.    13883.     5062.     8822. 1.67    1000  1.15  1.57  1.67  1.42  1.33
 24  2438.    14073.     4830.     9244. 1.66    1000  1.15  1.52  1.66  1.39  1.31
 23  2338.    13790.     4243.     9546. 1.62    1000  1.15  1.44  1.62  1.36  1.28
 22  2238.    12902.     3653.     9250. 1.58    1000  1.15  1.39  1.58  1.30  1.26
 21  2138.    13202.     3614.     9588. 1.56    1000  1.15  1.38  1.56  1.25  1.25
 20  2038.    13501.     3581.     9920. 1.58    1000  1.15  1.36  1.58  1.20  1.24
 19  1938.    14146.     2985.    11161. 1.54    1000  1.15  1.27  1.54  1.27  1.30
 18  1838.    12869.     2227.    10642. 1.41    1000  1.15  1.21  1.41  1.21  1.18
 17  1738.    10718.     1889.     8829. 1.39    1000  1.15  1.21  1.39  1.21  1.15
 16  1638.    11261.     2011.     9250. 1.43    1000  1.15  1.22  1.43  1.22  1.16
 15  1538.    12056.     1985.    10070. 1.43    1000  1.15  1.20  1.43  1.20  1.15
 14  1438.    16414.     2531.    13883. 1.46    1000  1.15  1.18  1.46  1.18  1.16
 13  1338.    21011.     2233.    18777. 1.37    1000  1.15  1.12  1.37  1.12  1.06
 12  1238.    18183.     1530.    16653. 1.28    1000  1.15  1.09  1.28  1.09  0.97
 11  1138.    12041.      101.    11940. 1.36    1000  1.15  1.01  1.36  1.01  1.00
 10  1038.     5200.       17.     5183. 1.37    1000  1.15  1.00  1.37  1.00  0.97
  9   938.     1275.        0.     1275. 1.12    1000  1.15  1.00  1.12  1.00  0.76
  8   838.      191.        0.      191. 0.92    1000  1.15  1.00  0.92  1.00  0.59
  7   738.       20.        0.       20. 0.95    1000  1.15  1.00  0.95  1.00  0.57
  6   638.       11.        0.       11. 1.14    1000  1.15  1.00  1.14  1.00  0.60
  5   538.        7.        0.        7. 0.96       0  1.15  1.00  0.96  1.00  0.42
  4   438.        3.        0.        3. 0.78       0  1.15  1.00  0.78  1.00  0.36
  3   338.        2.        0.        2. 0.60       0  1.15  1.00  0.60  1.00  0.36
  2   238.        0.        0.        0. 0.00       0  1.15  0.00  0.00  0.00  0.00
  1   138.        0.        0.        0. 0.00       0  1.15  0.00  0.00  0.00  0.00
  0    38.        0.        0.        0. 0.00       0  1.15  0.00  0.00  0.00  0.00

Iteration number:   8
Y-ch   Ex        Af        Ag       Afg  Mult    Sing Alpha MATot METot MASta MESta
 68  6838.       59.       43.       16. 3.70       0  0.92  3.70  3.70  2.82  2.90
 67  6738.     1116.      820.      296. 3.77       0  0.98  3.77  3.77  3.21  2.82
 66  6638.     8040.     5847.     2193. 3.67       0  0.98  3.67  3.67  3.02  2.75
 65  6538.    21271.    15361.     5910. 3.60    1000  0.98  3.60  3.60  2.89  2.71
 64  6438.    29049.    20864.     8185. 3.55    1000  0.97  3.55  3.55  2.84  2.67
 63  6338.    29645.    21191.     8454. 3.51    1000  0.98  3.51  3.51  2.81  2.63
 62  6238.    29508.    20994.     8514. 3.47    1000  0.98  3.47  3.47  2.77  2.59
 61  6138.    29439.    20851.     8589. 3.43    1000  0.98  3.43  3.43  2.77  2.54
 60  6038.    29011.    20426.     8585. 3.38    1000  0.98  3.38  3.38  2.68  2.52
 59  5938.    28378.    19866.     8513. 3.33    1000  0.98  3.33  3.33  2.64  2.47
 58  5838.    27815.    19377.     8438. 3.30    1000  0.98  3.30  3.30  2.62  2.44
 57  5738.    27481.    19044.     8437. 3.26    1000  0.98  3.26  3.26  2.58  2.40
 56  5638.    26909.    18438.     8470. 3.18    1000  0.98  3.18  3.18  2.46  2.35
 55  5538.    26633.    18156.     8477. 3.14    1000  0.98  3.14  3.14  2.44  2.31
 54  5438.    26392.    17837.     8554. 3.09    1000  0.99  3.09  3.09  2.38  2.26
 53  5338.    25833.    17364.     8469. 3.05    1000  0.98  3.05  3.05  2.35  2.23
 52  5238.    25617.    17104.     8513. 3.01    1000  1.00  3.01  3.01  2.34  2.18
 51  5138.    25024.    16550.     8474. 2.95    1000  0.99  2.95  2.95  2.28  2.13
 50  5038.    24600.    16176.     8424. 2.92    1000  1.00  2.92  2.92  2.25  2.11
 49  4938.    24337.    15840.     8497. 2.86    1000  1.00  2.86  2.86  2.21  2.06
 48  4838.    24036.    15552.     8485. 2.83    1000  1.01  2.83  2.83  2.20  2.02
 47  4738.    23485.    14976.     8510. 2.76    1000  1.02  2.76  2.76  2.10  1.97
 46  4638.    22865.    14506.     8359. 2.74    1000  1.02  2.74  2.74  2.11  1.94
 45  4538.    22475.    14057.     8418. 2.67    1000  1.01  2.67  2.67  2.04  1.89
 44  4438.    22151.    13655.     8496. 2.61    1000  1.02  2.61  2.61  2.01  1.90
 43  4338.    21812.    13407.     8405. 2.60    1000  1.06  2.60  2.60  2.00  1.86
 42  4238.    21447.    12989.     8458. 2.54    1000  1.03  2.54  2.54  1.96  1.82
 41  4138.    21258.    12723.     8535. 2.49    1000  1.07  2.49  2.49  1.90  1.78
 40  4038.    20661.    12186.     8475. 2.44    1000  1.06  2.44  2.44  1.95  1.79
 39  3938.    19819.    11610.     8209. 2.41    1000  1.10  2.41  2.41  1.92  1.76
 38  3838.    19922.    11473.     8449. 2.36    1000  1.10  2.36  2.36  1.85  1.72
 37  3738.    19293.    10979.     8314. 2.32    1000  1.14  2.32  2.32  1.87  1.73
 36  3638.    19051.    10583.     8468. 2.26    1000  1.15  2.25  2.26  1.82  1.68
 35  3538.    18395.     9892.     8503. 2.22    1000  1.15  2.16  2.22  1.76  1.64
 34  3438.    18534.     9623.     8912. 2.18    1000  1.15  2.08  2.18  1.72  1.59
 33  3338.    18119.     9112.     9007. 2.15    1000  1.15  2.01  2.15  1.75  1.64
 32  3238.    17648.     8594.     9054. 2.11    1000  1.15  1.95  2.11  1.70  1.61
 31  3138.    17648.     8490.     9159. 2.08    1000  1.15  1.93  2.08  1.69  1.58
 30  3038.    17022.     7815.     9208. 2.05    1000  1.15  1.85  2.05  1.66  1.61
 29  2938.    17042.     7691.     9351. 2.02    1000  1.15  1.82  2.02  1.64  1.56
 28  2838.    16455.     6691.     9765. 1.92    1000  1.15  1.69  1.92  1.52  1.48
 27  2738.    16099.     5995.    10104. 1.84    1000  1.15  1.59  1.84  1.44  1.41
 26  2638.    14902.     5538.     9364. 1.72    1000  1.15  1.59  1.72  1.44  1.37
 25  2538.    13883.     5078.     8805. 1.67    1000  1.15  1.58  1.67  1.42  1.33
 24  2438.    14073.     4848.     9225. 1.66    1000  1.15  1.53  1.66  1.39  1.31
 23  2338.    13790.     4261.     9528. 1.62    1000  1.15  1.45  1.62  1.36  1.28
 22  2238.    12902.     3670.     9233. 1.58    1000  1.15  1.40  1.58  1.30  1.26
 21  2138.    13202.     3631.     9571. 1.56    1000  1.15  1.38  1.56  1.25  1.25
 20  2038.    13501.     3599.     9902. 1.58    1000  1.15  1.36  1.58  1.20  1.24
 19  1938.    14146.     3004.    11143. 1.54    1000  1.15  1.27  1.54  1.27  1.30
 18  1838.    12869.     2236.    10633. 1.41    1000  1.15  1.21  1.41  1.21  1.18
 17  1738.    10718.     1897.     8821. 1.39    1000  1.15  1.22  1.39  1.22  1.15
 16  1638.    11261.     2019.     9242. 1.43    1000  1.15  1.22  1.43  1.22  1.16
 15  1538.    12056.     1994.    10062. 1.43    1000  1.15  1.20  1.43  1.20  1.15
 14  1438.    16414.     2542.    13871. 1.46    1000  1.15  1.18  1.46  1.18  1.16
 13  1338.    21011.     2246.    18764. 1.37    1000  1.15  1.12  1.37  1.12  1.06
 12  1238.    18183.     1540.    16642. 1.28    1000  1.15  1.09  1.28  1.09  0.97
 11  1138.    12041.      107.    11934. 1.36    1000  1.15  1.01  1.36  1.01  1.00
 10  1038.     5200.       20.     5179. 1.37    1000  1.15  1.00  1.37  1.00  0.97
  9   938.     1275.        0.     1275. 1.12    1000  1.15  1.00  1.12  1.00  0.76
  8   838.      191.        0.      191. 0.92    1000  1.15  1.00  0.92  1.00  0.59
  7   738.       20.        0.       20. 0.95    1000  1.15  1.00  0.95  1.00  0.57
  6   638.       11.        0.       11. 1.14    1000  1.15  1.00  1.14  1.00  0.60
  5   538.        7.        0.        7. 0.96       0  1.15  1.00  0.96  1.00  0.42
  4   438.        3.        0.        3. 0.78       0  1.15  1.00  0.78  1.00  0.36
  3   338.        2.        0.        2. 0.60       0  1.15  1.00  0.60  1.00  0.36
  2   238.        0.        0.        0. 0.00       0  1.15  0.00  0.00  0.00  0.00
  1   138.        0.        0.        0. 0.00       0  1.15  0.00  0.00  0.00  0.00
  0    38.        0.        0.        0. 0.00       0  1.15  0.00  0.00  0.00  0.00

Iteration number:   9
Y-ch   Ex        Af        Ag       Afg  Mult    Sing Alpha MATot METot MASta MESta
 68  6838.       59.       43.       16. 3.70       0  0.92  3.70  3.70  2.82  2.90
 67  6738.     1116.      820.      296. 3.77       0  0.98  3.77  3.77  3.22  2.82
 66  6638.     8040.     5847.     2193. 3.67       0  0.97  3.67  3.67  3.02  2.75
 65  6538.    21271.    15361.     5910. 3.60    1000  0.97  3.60  3.60  2.89  2.71
 64  6438.    29049.    20864.     8185. 3.55    1000  0.97  3.55  3.55  2.84  2.67
 63  6338.    29645.    21191.     8454. 3.51    1000  0.98  3.51  3.51  2.81  2.63
 62  6238.    29508.    20994.     8514. 3.47    1000  0.97  3.47  3.47  2.77  2.59
 61  6138.    29439.    20851.     8589. 3.43    1000  0.98  3.43  3.43  2.77  2.54
 60  6038.    29011.    20426.     8585. 3.38    1000  0.98  3.38  3.38  2.68  2.52
 59  5938.    28378.    19866.     8513. 3.33    1000  0.98  3.33  3.33  2.64  2.47
 58  5838.    27815.    19377.     8438. 3.30    1000  0.98  3.30  3.30  2.62  2.44
 57  5738.    27481.    19044.     8437. 3.26    1000  0.98  3.26  3.26  2.58  2.40
 56  5638.    26909.    18438.     8470. 3.18    1000  0.98  3.18  3.18  2.46  2.35
 55  5538.    26633.    18156.     8477. 3.14    1000  0.98  3.14  3.14  2.44  2.31
 54  5438.    26392.    17837.     8554. 3.09    1000  0.99  3.09  3.09  2.38  2.26
 53  5338.    25833.    17364.     8469. 3.05    1000  0.98  3.05  3.05  2.35  2.23
 52  5238.    25617.    17104.     8513. 3.01    1000  0.99  3.01  3.01  2.34  2.18
 51  5138.    25024.    16550.     8474. 2.95    1000  0.99  2.95  2.95  2.29  2.13
 50  5038.    24600.    16176.     8424. 2.92    1000  1.00  2.92  2.92  2.25  2.11
 49  4938.    24337.    15840.     8497. 2.86    1000  1.00  2.86  2.86  2.21  2.06
 48  4838.    24036.    15552.     8485. 2.83    1000  1.01  2.83  2.83  2.20  2.02
 47  4738.    23485.    14976.     8510. 2.76    1000  1.01  2.76  2.76  2.10  1.97
 46  4638.    22865.    14506.     8359. 2.74    1000  1.02  2.74  2.74  2.11  1.94
 45  4538.    22475.    14057.     8418. 2.67    1000  1.01  2.67  2.67  2.04  1.89
 44  4438.    22151.    13655.     8496. 2.61    1000  1.02  2.61  2.61  2.01  1.90
 43  4338.    21812.    13407.     8405. 2.60    1000  1.06  2.60  2.60  2.00  1.86
 42  4238.    21447.    12989.     8458. 2.54    1000  1.03  2.54  2.54  1.96  1.82
 41  4138.    21258.    12723.     8535. 2.49    1000  1.07  2.49  2.49  1.90  1.78
 40  4038.    20661.    12186.     8475. 2.44    1000  1.06  2.44  2.44  1.95  1.79
 39  3938.    19819.    11610.     8209. 2.41    1000  1.09  2.41  2.41  1.92  1.76
 38  3838.    19922.    11473.     8449. 2.36    1000  1.10  2.36  2.36  1.85  1.72
 37  3738.    19293.    10979.     8314. 2.32    1000  1.14  2.32  2.32  1.87  1.73
 36  3638.    19051.    10600.     8451. 2.26    1000  1.15  2.25  2.26  1.82  1.68
 35  3538.    18395.     9908.     8487. 2.22    1000  1.15  2.17  2.22  1.77  1.64
 34  3438.    18534.     9639.     8895. 2.18    1000  1.15  2.08  2.18  1.72  1.59
 33  3338.    18119.     9130.     8989. 2.15    1000  1.15  2.02  2.15  1.76  1.64
 32  3238.    17648.     8613.     9035. 2.11    1000  1.15  1.95  2.11  1.71  1.61
 31  3138.    17648.     8508.     9140. 2.08    1000  1.15  1.93  2.08  1.69  1.58
 30  3038.    17022.     7833.     9189. 2.05    1000  1.15  1.85  2.05  1.66  1.61
 29  2938.    17042.     7710.     9332. 2.02    1000  1.15  1.83  2.02  1.64  1.56
 28  2838.    16455.     6709.     9746. 1.92    1000  1.15  1.69  1.92  1.52  1.48
 27  2738.    16099.     6016.    10083. 1.84    1000  1.15  1.60  1.84  1.44  1.41
 26  2638.    14902.     5555.     9348. 1.72    1000  1.15  1.59  1.72  1.44  1.37
 25  2538.    13883.     5091.     8792. 1.67    1000  1.15  1.58  1.67  1.42  1.33
 24  2438.    14073.     4862.     9212. 1.66    1000  1.15  1.53  1.66  1.39  1.31
 23  2338.    13790.     4275.     9514. 1.62    1000  1.15  1.45  1.62  1.36  1.28
 22  2238.    12902.     3683.     9219. 1.58    1000  1.15  1.40  1.58  1.30  1.26
 21  2138.    13202.     3644.     9557. 1.56    1000  1.15  1.38  1.56  1.25  1.25
 20  2038.    13501.     3614.     9887. 1.58    1000  1.15  1.37  1.58  1.20  1.24
 19  1938.    14146.     3018.    11128. 1.54    1000  1.15  1.27  1.54  1.27  1.30
 18  1838.    12869.     2243.    10626. 1.41    1000  1.15  1.21  1.41  1.21  1.18
 17  1738.    10718.     1903.     8815. 1.39    1000  1.15  1.22  1.39  1.22  1.15
 16  1638.    11261.     2025.     9236. 1.43    1000  1.15  1.22  1.43  1.22  1.16
 15  1538.    12056.     2000.    10055. 1.43    1000  1.15  1.20  1.43  1.20  1.15
 14  1438.    16414.     2551.    13862. 1.46    1000  1.15  1.18  1.46  1.18  1.16
 13  1338.    21011.     2257.    18753. 1.37    1000  1.15  1.12  1.37  1.12  1.06
 12  1238.    18183.     1549.    16634. 1.28    1000  1.15  1.09  1.28  1.09  0.97
 11  1138.    12041.      113.    11928. 1.36    1000  1.15  1.01  1.36  1.01  1.00
 10  1038.     5200.       23.     5177. 1.37    1000  1.15  1.00  1.37  1.00  0.97
  9   938.     1275.        0.     1275. 1.12    1000  1.15  1.00  1.12  1.00  0.76
  8   838.      191.        0.      191. 0.92    1000  1.15  1.00  0.92  1.00  0.59
  7   738.       20.        0.       20. 0.95    1000  1.15  1.00  0.95  1.00  0.57
  6   638.       11.        0.       11. 1.14    1000  1.15  1.00  1.14  1.00  0.60
  5   538.        7.        0.        7. 0.96       0  1.15  1.00  0.96  1.00  0.42
  4   438.        3.        0.        3. 0.78       0  1.15  1.00  0.78  1.00  0.36
  3   338.        2.        0.        2. 0.60       0  1.15  1.00  0.60  1.00  0.36
  2   238.        0.        0.        0. 0.00       0  1.15  0.00  0.00  0.00  0.00
  1   138.        0.        0.        0. 0.00       0  1.15  0.00  0.00  0.00  0.00
  0    38.        0.        0.        0. 0.00       0  1.15  0.00  0.00  0.00  0.00

Iteration number:  10
Y-ch   Ex        Af        Ag       Afg  Mult    Sing Alpha MATot METot MASta MESta
 68  6838.       59.       43.       16. 3.70       0  0.92  3.70  3.70  2.82  2.90
 67  6738.     1116.      820.      296. 3.77       0  0.98  3.77  3.77  3.22  2.82
 66  6638.     8040.     5847.     2193. 3.67       0  0.97  3.67  3.67  3.02  2.75
 65  6538.    21271.    15361.     5910. 3.60    1000  0.97  3.60  3.60  2.89  2.71
 64  6438.    29049.    20864.     8185. 3.55    1000  0.97  3.55  3.55  2.84  2.67
 63  6338.    29645.    21191.     8454. 3.51    1000  0.97  3.51  3.51  2.81  2.63
 62  6238.    29508.    20994.     8514. 3.47    1000  0.97  3.47  3.47  2.77  2.59
 61  6138.    29439.    20851.     8589. 3.43    1000  0.98  3.43  3.43  2.77  2.54
 60  6038.    29011.    20426.     8585. 3.38    1000  0.98  3.38  3.38  2.68  2.52
 59  5938.    28378.    19866.     8513. 3.33    1000  0.98  3.33  3.33  2.64  2.47
 58  5838.    27815.    19377.     8438. 3.30    1000  0.98  3.30  3.30  2.62  2.44
 57  5738.    27481.    19044.     8437. 3.26    1000  0.98  3.26  3.26  2.58  2.40
 56  5638.    26909.    18438.     8470. 3.18    1000  0.98  3.18  3.18  2.46  2.35
 55  5538.    26633.    18156.     8477. 3.14    1000  0.98  3.14  3.14  2.44  2.31
 54  5438.    26392.    17838.     8554. 3.09    1000  0.99  3.09  3.09  2.38  2.26
 53  5338.    25833.    17364.     8469. 3.05    1000  0.98  3.05  3.05  2.35  2.23
 52  5238.    25617.    17104.     8513. 3.01    1000  0.99  3.01  3.01  2.34  2.18
 51  5138.    25024.    16550.     8474. 2.95    1000  0.99  2.95  2.95  2.29  2.13
 50  5038.    24600.    16176.     8424. 2.92    1000  1.00  2.92  2.92  2.25  2.11
 49  4938.    24337.    15840.     8497. 2.86    1000  1.00  2.86  2.86  2.21  2.06
 48  4838.    24036.    15552.     8485. 2.83    1000  1.01  2.83  2.83  2.20  2.02
 47  4738.    23485.    14976.     8510. 2.76    1000  1.01  2.76  2.76  2.10  1.97
 46  4638.    22865.    14506.     8359. 2.74    1000  1.02  2.74  2.74  2.11  1.94
 45  4538.    22475.    14057.     8418. 2.67    1000  1.01  2.67  2.67  2.04  1.89
 44  4438.    22151.    13655.     8496. 2.61    1000  1.02  2.61  2.61  2.01  1.90
 43  4338.    21812.    13407.     8405. 2.60    1000  1.06  2.60  2.60  2.00  1.86
 42  4238.    21447.    12989.     8458. 2.54    1000  1.03  2.54  2.54  1.96  1.82
 41  4138.    21258.    12723.     8535. 2.49    1000  1.07  2.49  2.49  1.90  1.78
 40  4038.    20661.    12186.     8475. 2.44    1000  1.06  2.44  2.44  1.95  1.79
 39  3938.    19819.    11610.     8209. 2.41    1000  1.09  2.41  2.41  1.92  1.76
 38  3838.    19922.    11473.     8449. 2.36    1000  1.10  2.36  2.36  1.85  1.72
 37  3738.    19293.    10979.     8314. 2.32    1000  1.14  2.32  2.32  1.87  1.73
 36  3638.    19051.    10595.     8456. 2.26    1000  1.15  2.25  2.26  1.82  1.68
 35  3538.    18395.     9903.     8492. 2.22    1000  1.15  2.17  2.22  1.77  1.64
 34  3438.    18534.     9634.     8900. 2.18    1000  1.15  2.08  2.18  1.72  1.59
 33  3338.    18119.     9127.     8992. 2.15    1000  1.15  2.02  2.15  1.76  1.64
 32  3238.    17648.     8612.     9036. 2.11    1000  1.15  1.95  2.11  1.71  1.61
 31  3138.    17648.     8506.     9142. 2.08    1000  1.15  1.93  2.08  1.69  1.58
 30  3038.    17022.     7833.     9189. 2.05    1000  1.15  1.85  2.05  1.66  1.61
 29  2938.    17042.     7711.     9331. 2.02    1000  1.15  1.83  2.02  1.64  1.56
 28  2838.    16455.     6710.     9746. 1.92    1000  1.15  1.69  1.92  1.52  1.48
 27  2738.    16099.     6018.    10081. 1.84    1000  1.15  1.60  1.84  1.44  1.41
 26  2638.    14902.     5554.     9349. 1.72    1000  1.15  1.59  1.72  1.44  1.37
 25  2538.    13883.     5088.     8795. 1.67    1000  1.15  1.58  1.67  1.42  1.33
 24  2438.    14073.     4859.     9214. 1.66    1000  1.15  1.53  1.66  1.39  1.31
 23  2338.    13790.     4273.     9516. 1.62    1000  1.15  1.45  1.62  1.36  1.28
 22  2238.    12902.     3682.     9221. 1.58    1000  1.15  1.40  1.58  1.30  1.26
 21  2138.    13202.     3643.     9558. 1.56    1000  1.15  1.38  1.56  1.25  1.25
 20  2038.    13501.     3613.     9888. 1.58    1000  1.15  1.37  1.58  1.20  1.24
 19  1938.    14146.     3017.    11129. 1.54    1000  1.15  1.27  1.54  1.27  1.30
 18  1838.    12869.     2242.    10627. 1.41    1000  1.15  1.21  1.41  1.21  1.18
 17  1738.    10718.     1902.     8816. 1.39    1000  1.15  1.22  1.39  1.22  1.15
 16  1638.    11261.     2025.     9236. 1.43    1000  1.15  1.22  1.43  1.22  1.16
 15  1538.    12056.     2000.    10056. 1.43    1000  1.15  1.20  1.43  1.20  1.15
 14  1438.    16414.     2551.    13863. 1.46    1000  1.15  1.18  1.46  1.18  1.16
 13  1338.    21011.     2257.    18754. 1.37    1000  1.15  1.12  1.37  1.12  1.06
 12  1238.    18183.     1549.    16634. 1.28    1000  1.15  1.09  1.28  1.09  0.97
 11  1138.    12041.      113.    11928. 1.36    1000  1.15  1.01  1.36  1.01  1.00
 10  1038.     5200.       23.     5177. 1.37    1000  1.15  1.00  1.37  1.00  0.97
  9   938.     1275.        0.     1275. 1.12    1000  1.15  1.00  1.12  1.00  0.76
  8   838.      191.        0.      191. 0.92    1000  1.15  1.00  0.92  1.00  0.59
  7   738.       20.        0.       20. 0.95    1000  1.15  1.00  0.95  1.00  0.57
  6   638.       11.        0.       11. 1.14    1000  1.15  1.00  1.14  1.00  0.60
  5   538.        7.        0.        7. 0.96       0  1.15  1.00  0.96  1.00  0.42
  4   438.        3.        0.        3. 0.78       0  1.15  1.00  0.78  1.00  0.36
  3   338.        2.        0.        2. 0.60       0  1.15  1.00  0.60  1.00  0.36
  2   238.        0.        0.        0. 0.00       0  1.15  0.00  0.00  0.00  0.00
  1   138.        0.        0.        0. 0.00       0  1.15  0.00  0.00  0.00  0.00
  0    38.        0.        0.        0. 0.00       0  1.15  0.00  0.00  0.00  0.00
