   0.25  0.328  7.73E-01 3.09E+00 3.09E+00 1.20E-01 3.34E-01 4.75E-01 5.25E-01 4.93E-01 4.07E-01 3.00E-01 2.00E-01 1.21E-01 6.65E-02 3.35E-02 1.55E-02 6.55E-03 2.54E-03 9.10E-04 2.99E-04 9.06E-05 2.53E-05 6.49E-06 1.54E-06 3.35E-07 6.75E-08 1.25E-08 2.15E-09 3.40E-10 4.96E-11 6.68E-12 8.30E-13 9.53E-14 1.01E-14 
   0.50  0.186  2.96E+00 8.76E+00 8.76E+00 2.23E-01 6.36E-01 9.57E-01 1.15E+00 1.20E+00 1.14E+00 9.88E-01 7.96E-01 5.99E-01 4.22E-01 2.79E-01 1.74E-01 1.02E-01 5.67E-02 2.97E-02 1.47E-02 6.90E-03 3.06E-03 1.28E-03 5.11E-04 1.93E-04 6.89E-05 2.33E-05 7.49E-06 2.28E-06 6.59E-07 1.80E-07 4.69E-08 1.16E-08 2.71E-09 
   0.75  0.728  8.74E+00 2.31E+01 2.31E+01 4.74E-01 1.36E+00 2.09E+00 2.59E+00 2.82E+00 2.81E+00 2.59E+00 2.24E+00 1.83E+00 1.41E+00 1.03E+00 7.18E-01 4.76E-01 3.01E-01 1.81E-01 1.04E-01 5.75E-02 3.03E-02 1.52E-02 7.34E-03 3.38E-03 1.49E-03 6.31E-04 2.56E-04 9.91E-05 3.68E-05 1.31E-05 4.47E-06 1.46E-06 4.58E-07 
   1.00  0.265  2.13E+01 5.04E+01 5.04E+01 8.92E-01 2.58E+00 4.01E+00 5.05E+00 5.63E+00 5.76E+00 5.50E+00 4.95E+00 4.22E+00 3.42E+00 2.65E+00 1.96E+00 1.39E+00 9.48E-01 6.19E-01 3.88E-01 2.34E-01 1.36E-01 7.56E-02 4.06E-02 2.09E-02 1.04E-02 4.99E-03 2.30E-03 1.02E-03 4.37E-04 1.80E-04 7.16E-05 2.74E-05 1.01E-05 
   1.25  0.402  5.34E+01 1.28E+02 1.28E+02 2.03E+00 5.89E+00 9.22E+00 1.17E+01 1.33E+01 1.39E+01 1.35E+01 1.25E+01 1.10E+01 9.23E+00 7.43E+00 5.74E+00 4.26E+00 3.04E+00 2.10E+00 1.39E+00 8.91E-01 5.51E-01 3.29E-01 1.90E-01 1.06E-01 5.69E-02 2.96E-02 1.49E-02 7.24E-03 3.41E-03 1.55E-03 6.83E-04 2.91E-04 1.20E-04 
   1.50  0.330  1.09E+02 2.23E+02 2.23E+02 3.23E+00 9.40E+00 1.48E+01 1.90E+01 2.17E+01 2.30E+01 2.28E+01 2.15E+01 1.93E+01 1.66E+01 1.38E+01 1.10E+01 8.41E+00 6.23E+00 4.46E+00 3.08E+00 2.06E+00 1.34E+00 8.39E-01 5.10E-01 3.00E-01 1.71E-01 9.47E-02 5.08E-02 2.64E-02 1.33E-02 6.51E-03 3.09E-03 1.42E-03 6.34E-04 
   1.75  1.182  1.94E+02 3.40E+02 3.40E+02 4.54E+00 1.33E+01 2.10E+01 2.71E+01 3.13E+01 3.34E+01 3.36E+01 3.21E+01 2.94E+01 2.58E+01 2.18E+01 1.78E+01 1.40E+01 1.07E+01 7.86E+00 5.61E+00 3.89E+00 2.61E+00 1.70E+00 1.08E+00 6.62E-01 3.95E-01 2.29E-01 1.29E-01 7.06E-02 3.75E-02 1.94E-02 9.75E-03 4.77E-03 2.26E-03 
   2.00  0.434  3.32E+02 5.52E+02 5.52E+02 6.92E+00 2.02E+01 3.21E+01 4.16E+01 4.84E+01 5.22E+01 5.30E+01 5.13E+01 4.76E+01 4.24E+01 3.64E+01 3.03E+01 2.43E+01 1.89E+01 1.43E+01 1.05E+01 7.47E+00 5.17E+00 3.47E+00 2.27E+00 1.44E+00 8.93E-01 5.38E-01 3.15E-01 1.80E-01 9.97E-02 5.39E-02 2.84E-02 1.45E-02 7.26E-03 
   2.25  0.553  5.72E+02 9.59E+02 9.59E+02 1.13E+01 3.32E+01 5.28E+01 6.89E+01 8.05E+01 8.74E+01 8.96E+01 8.76E+01 8.21E+01 7.41E+01 6.46E+01 5.45E+01 4.46E+01 3.54E+01 2.72E+01 2.04E+01 1.49E+01 1.05E+01 7.26E+00 4.88E+00 3.19E+00 2.03E+00 1.26E+00 7.64E-01 4.51E-01 2.59E-01 1.45E-01 7.96E-02 4.24E-02 2.21E-02 
   2.50  0.417  1.05E+03 1.90E+03 1.90E+03 2.13E+01 6.25E+01 9.96E+01 1.30E+02 1.53E+02 1.67E+02 1.73E+02 1.70E+02 1.61E+02 1.47E+02 1.30E+02 1.11E+02 9.20E+01 7.41E+01 5.81E+01 4.43E+01 3.29E+01 2.38E+01 1.68E+01 1.15E+01 7.71E+00 5.04E+00 3.21E+00 2.00E+00 1.21E+00 7.19E-01 4.16E-01 2.35E-01 1.30E-01 6.98E-02 
   2.75  0.375  1.86E+03 3.25E+03 3.25E+03 3.48E+01 1.02E+02 1.63E+02 2.14E+02 2.53E+02 2.77E+02 2.88E+02 2.86E+02 2.73E+02 2.51E+02 2.24E+02 1.94E+02 1.63E+02 1.33E+02 1.06E+02 8.18E+01 6.18E+01 4.55E+01 3.26E+01 2.29E+01 1.56E+01 1.04E+01 6.81E+00 4.34E+00 2.70E+00 1.64E+00 9.76E-01 5.67E-01 3.22E-01 1.79E-01 
   3.00  0.451  3.36E+03 6.00E+03 6.00E+03 6.16E+01 1.81E+02 2.90E+02 3.81E+02 4.51E+02 4.98E+02 5.20E+02 5.19E+02 4.99E+02 4.63E+02 4.17E+02 3.64E+02 3.09E+02 2.55E+02 2.06E+02 1.61E+02 1.24E+02 9.23E+01 6.73E+01 4.80E+01 3.34E+01 2.27E+01 1.51E+01 9.84E+00 6.26E+00 3.89E+00 2.37E+00 1.41E+00 8.20E-01 4.67E-01 
   3.25  0.442  6.08E+03 1.09E+04 1.09E+04 1.08E+02 3.17E+02 5.07E+02 6.69E+02 7.95E+02 8.80E+02 9.23E+02 9.27E+02 8.97E+02 8.39E+02 7.61E+02 6.70E+02 5.74E+02 4.79E+02 3.90E+02 3.10E+02 2.40E+02 1.82E+02 1.35E+02 9.75E+01 6.90E+01 4.77E+01 3.23E+01 2.14E+01 1.39E+01 8.80E+00 5.46E+00 3.32E+00 1.98E+00 1.15E+00 
   3.50  0.401  1.11E+04 2.01E+04 2.01E+04 1.92E+02 5.64E+02 9.05E+02 1.20E+03 1.43E+03 1.58E+03 1.67E+03 1.68E+03 1.64E+03 1.54E+03 1.41E+03 1.25E+03 1.08E+03 9.10E+02 7.48E+02 6.01E+02 4.71E+02 3.61E+02 2.71E+02 1.98E+02 1.42E+02 1.00E+02 6.87E+01 4.63E+01 3.05E+01 1.97E+01 1.25E+01 7.72E+00 4.69E+00 2.79E+00 
   3.75  0.410  2.03E+04 3.69E+04 3.69E+04 3.40E+02 1.00E+03 1.61E+03 2.13E+03 2.54E+03 2.83E+03 3.00E+03 3.04E+03 2.97E+03 2.81E+03 2.58E+03 2.31E+03 2.01E+03 1.71E+03 1.42E+03 1.15E+03 9.10E+02 7.05E+02 5.35E+02 3.97E+02 2.88E+02 2.05E+02 1.43E+02 9.78E+01 6.54E+01 4.29E+01 2.76E+01 1.74E+01 1.08E+01 6.52E+00 
   4.00  0.410  3.74E+04 6.81E+04 6.81E+04 6.08E+02 1.79E+03 2.88E+03 3.82E+03 4.57E+03 5.11E+03 5.43E+03 5.53E+03 5.43E+03 5.16E+03 4.77E+03 4.29E+03 3.76E+03 3.22E+03 2.69E+03 2.20E+03 1.76E+03 1.38E+03 1.06E+03 7.92E+02 5.82E+02 4.19E+02 2.96E+02 2.05E+02 1.39E+02 9.25E+01 6.04E+01 3.87E+01 2.43E+01 1.50E+01 
   4.25  0.410  6.86E+04 1.25E+05 1.25E+05 1.08E+03 3.19E+03 5.14E+03 6.83E+03 8.19E+03 9.17E+03 9.77E+03 9.98E+03 9.85E+03 9.41E+03 8.74E+03 7.91E+03 6.98E+03 6.02E+03 5.07E+03 4.17E+03 3.37E+03 2.66E+03 2.05E+03 1.56E+03 1.16E+03 8.42E+02 6.02E+02 4.21E+02 2.90E+02 1.95E+02 1.29E+02 8.39E+01 5.35E+01 3.34E+01 
   4.50  0.410  1.26E+05 2.31E+05 2.31E+05 1.94E+03 5.73E+03 9.24E+03 1.23E+04 1.48E+04 1.66E+04 1.77E+04 1.82E+04 1.80E+04 1.73E+04 1.61E+04 1.47E+04 1.30E+04 1.13E+04 9.57E+03 7.94E+03 6.45E+03 5.13E+03 4.00E+03 3.06E+03 2.30E+03 1.69E+03 1.22E+03 8.64E+02 6.00E+02 4.10E+02 2.74E+02 1.80E+02 1.17E+02 7.39E+01 
   4.75  0.410  2.32E+05 4.23E+05 4.23E+05 3.47E+03 1.02E+04 1.65E+04 2.20E+04 2.65E+04 2.98E+04 3.19E+04 3.28E+04 3.26E+04 3.15E+04 2.95E+04 2.70E+04 2.41E+04 2.10E+04 1.79E+04 1.49E+04 1.22E+04 9.81E+03 7.71E+03 5.95E+03 4.50E+03 3.34E+03 2.43E+03 1.74E+03 1.22E+03 8.44E+02 5.72E+02 3.81E+02 2.49E+02 1.60E+02 
   5.00  0.410  4.27E+05 7.81E+05 7.81E+05 6.25E+03 1.84E+04 2.98E+04 3.97E+04 4.79E+04 5.40E+04 5.80E+04 5.98E+04 5.96E+04 5.77E+04 5.43E+04 4.99E+04 4.47E+04 3.92E+04 3.36E+04 2.83E+04 2.33E+04 1.88E+04 1.49E+04 1.16E+04 8.83E+03 6.61E+03 4.86E+03 3.51E+03 2.49E+03 1.74E+03 1.19E+03 8.00E+02 5.29E+02 3.44E+02 
   5.50  0.410  1.75E+06 2.64E+06 2.64E+06 2.02E+04 5.97E+04 9.64E+04 1.29E+05 1.56E+05 1.77E+05 1.90E+05 1.97E+05 1.98E+05 1.93E+05 1.83E+05 1.69E+05 1.53E+05 1.35E+05 1.17E+05 9.97E+04 8.31E+04 6.79E+04 5.45E+04 4.30E+04 3.32E+04 2.53E+04 1.89E+04 1.39E+04 1.00E+04 7.11E+03 4.96E+03 3.41E+03 2.30E+03 1.53E+03 
   6.00  0.410  6.22E+06 8.95E+06 8.95E+06 6.55E+04 1.94E+05 3.13E+05 4.20E+05 5.09E+05 5.78E+05 6.26E+05 6.52E+05 6.57E+05 6.43E+05 6.14E+05 5.72E+05 5.22E+05 4.66E+05 4.07E+05 3.49E+05 2.94E+05 2.43E+05 1.97E+05 1.57E+05 1.23E+05 9.51E+04 7.20E+04 5.37E+04 3.94E+04 2.84E+04 2.01E+04 1.41E+04 9.67E+03 6.54E+03 
   6.50  0.410  2.14E+07 3.03E+07 3.03E+07 2.13E+05 6.31E+05 1.02E+06 1.37E+06 1.67E+06 1.90E+06 2.06E+06 2.16E+06 2.18E+06 2.15E+06 2.06E+06 1.93E+06 1.77E+06 1.60E+06 1.41E+06 1.22E+06 1.03E+06 8.62E+05 7.07E+05 5.70E+05 4.52E+05 3.53E+05 2.70E+05 2.04E+05 1.52E+05 1.11E+05 7.99E+04 5.67E+04 3.96E+04 2.72E+04 
   7.00  0.410  7.27E+07 1.03E+08 1.03E+08 6.96E+05 2.06E+06 3.34E+06 4.49E+06 5.47E+06 6.25E+06 6.80E+06 7.14E+06 7.26E+06 7.17E+06 6.92E+06 6.53E+06 6.03E+06 5.45E+06 4.84E+06 4.22E+06 3.61E+06 3.04E+06 2.52E+06 2.05E+06 1.64E+06 1.29E+06 1.00E+06 7.66E+05 5.76E+05 4.27E+05 3.11E+05 2.24E+05 1.58E+05 1.11E+05 
   7.50  0.410  2.46E+08 3.47E+08 3.47E+08 2.28E+06 6.75E+06 1.10E+07 1.47E+07 1.80E+07 2.06E+07 2.25E+07 2.37E+07 2.41E+07 2.40E+07 2.32E+07 2.20E+07 2.04E+07 1.86E+07 1.66E+07 1.46E+07 1.26E+07 1.07E+07 8.90E+06 7.31E+06 5.90E+06 4.70E+06 3.68E+06 2.84E+06 2.16E+06 1.62E+06 1.19E+06 8.69E+05 6.23E+05 4.40E+05 
   8.00  0.410  8.34E+08 1.18E+09 1.18E+09 7.48E+06 2.22E+07 3.60E+07 4.85E+07 5.93E+07 6.80E+07 7.44E+07 7.85E+07 8.04E+07 8.01E+07 7.79E+07 7.42E+07 6.92E+07 6.33E+07 5.69E+07 5.02E+07 4.36E+07 3.72E+07 3.13E+07 2.59E+07 2.11E+07 1.69E+07 1.34E+07 1.04E+07 8.01E+06 6.06E+06 4.52E+06 3.33E+06 2.41E+06 1.73E+06 
   8.50  0.410  2.82E+09 3.98E+09 3.98E+09 2.46E+07 7.28E+07 1.18E+08 1.60E+08 1.95E+08 2.25E+08 2.46E+08 2.61E+08 2.68E+08 2.68E+08 2.61E+08 2.50E+08 2.34E+08 2.15E+08 1.94E+08 1.73E+08 1.51E+08 1.30E+08 1.10E+08 9.14E+07 7.50E+07 6.07E+07 4.84E+07 3.80E+07 2.94E+07 2.25E+07 1.69E+07 1.26E+07 9.23E+06 6.67E+06 
   9.00  0.410  9.56E+09 1.35E+10 1.35E+10 8.09E+07 2.40E+08 3.90E+08 5.27E+08 6.46E+08 7.43E+08 8.17E+08 8.67E+08 8.92E+08 8.95E+08 8.77E+08 8.41E+08 7.92E+08 7.31E+08 6.64E+08 5.92E+08 5.20E+08 4.50E+08 3.83E+08 3.21E+08 2.65E+08 2.16E+08 1.74E+08 1.37E+08 1.07E+08 8.27E+07 6.29E+07 4.72E+07 3.49E+07 2.55E+07 
   9.50  0.410  3.24E+10 4.56E+10 4.56E+10 2.67E+08 7.91E+08 1.29E+09 1.74E+09 2.14E+09 2.46E+09 2.71E+09 2.88E+09 2.98E+09 2.99E+09 2.94E+09 2.83E+09 2.67E+09 2.48E+09 2.26E+09 2.03E+09 1.79E+09 1.56E+09 1.33E+09 1.12E+09 9.34E+08 7.66E+08 6.20E+08 4.94E+08 3.89E+08 3.02E+08 2.32E+08 1.75E+08 1.31E+08 9.63E+07 
  10.00  0.410  1.10E+11 1.54E+11 1.54E+11 8.81E+08 2.61E+09 4.26E+09 5.76E+09 7.07E+09 8.16E+09 9.01E+09 9.60E+09 9.93E+09 1.00E+10 9.87E+09 9.53E+09 9.03E+09 8.41E+09 7.70E+09 6.93E+09 6.15E+09 5.37E+09 4.62E+09 3.92E+09 3.28E+09 2.71E+09 2.20E+09 1.77E+09 1.40E+09 1.10E+09 8.47E+08 6.45E+08 4.86E+08 3.61E+08 
  11.00  0.410  1.88E+12 1.77E+12 1.77E+12 9.64E+09 2.86E+10 4.66E+10 6.32E+10 7.78E+10 9.00E+10 9.96E+10 1.07E+11 1.11E+11 1.12E+11 1.11E+11 1.08E+11 1.03E+11 9.65E+10 8.89E+10 8.07E+10 7.22E+10 6.36E+10 5.53E+10 4.74E+10 4.00E+10 3.34E+10 2.75E+10 2.23E+10 1.79E+10 1.42E+10 1.11E+10 8.60E+09 6.57E+09 4.95E+09 
  12.00  0.410  2.22E+13 2.03E+13 2.03E+13 1.06E+11 3.14E+11 5.13E+11 6.96E+11 8.58E+11 9.95E+11 1.10E+12 1.19E+12 1.24E+12 1.26E+12 1.25E+12 1.22E+12 1.17E+12 1.10E+12 1.02E+12 9.37E+11 8.44E+11 7.49E+11 6.56E+11 5.67E+11 4.84E+11 4.07E+11 3.39E+11 2.78E+11 2.26E+11 1.81E+11 1.43E+11 1.12E+11 8.68E+10 6.63E+10 
  13.00  0.410  2.55E+14 2.33E+14 2.33E+14 1.17E+12 3.46E+12 5.66E+12 7.69E+12 9.50E+12 1.10E+13 1.23E+13 1.32E+13 1.38E+13 1.41E+13 1.41E+13 1.38E+13 1.33E+13 1.26E+13 1.18E+13 1.08E+13 9.82E+12 8.78E+12 7.75E+12 6.75E+12 5.80E+12 4.93E+12 4.13E+12 3.43E+12 2.81E+12 2.27E+12 1.82E+12 1.44E+12 1.13E+12 8.71E+11 
  14.00  0.410  2.92E+15 2.67E+15 2.67E+15 1.29E+13 3.83E+13 6.26E+13 8.52E+13 1.05E+14 1.23E+14 1.37E+14 1.47E+14 1.55E+14 1.58E+14 1.59E+14 1.56E+14 1.51E+14 1.44E+14 1.35E+14 1.25E+14 1.14E+14 1.03E+14 9.10E+13 7.98E+13 6.91E+13 5.92E+13 5.00E+13 4.18E+13 3.46E+13 2.82E+13 2.28E+13 1.82E+13 1.44E+13 1.13E+13 
  15.00  0.410  3.35E+16 3.06E+16 3.06E+16 1.43E+14 4.25E+14 6.95E+14 9.45E+14 1.17E+15 1.37E+15 1.53E+15 1.65E+15 1.73E+15 1.78E+15 1.79E+15 1.77E+15 1.72E+15 1.65E+15 1.55E+15 1.44E+15 1.32E+15 1.19E+15 1.07E+15 9.40E+14 8.20E+14 7.06E+14 6.02E+14 5.07E+14 4.22E+14 3.47E+14 2.83E+14 2.28E+14 1.82E+14 1.43E+14 
  16.00  0.410  3.84E+17 3.50E+17 3.50E+17 1.59E+15 4.72E+15 7.72E+15 1.05E+16 1.30E+16 1.52E+16 1.70E+16 1.85E+16 1.95E+16 2.00E+16 2.02E+16 2.01E+16 1.95E+16 1.88E+16 1.77E+16 1.66E+16 1.52E+16 1.39E+16 1.24E+16 1.10E+16 9.68E+15 8.39E+15 7.19E+15 6.10E+15 5.11E+15 4.24E+15 3.48E+15 2.83E+15 2.27E+15 1.81E+15 
  17.00  0.410  4.40E+18 4.01E+18 4.01E+18 1.77E+16 5.25E+16 8.60E+16 1.17E+17 1.45E+17 1.70E+17 1.91E+17 2.07E+17 2.19E+17 2.26E+17 2.28E+17 2.27E+17 2.22E+17 2.14E+17 2.03E+17 1.90E+17 1.76E+17 1.61E+17 1.45E+17 1.29E+17 1.14E+17 9.93E+16 8.56E+16 7.30E+16 6.16E+16 5.15E+16 4.25E+16 3.48E+16 2.82E+16 2.26E+16 
  18.00  0.410  5.04E+19 4.60E+19 4.60E+19 1.97E+17 5.85E+17 9.59E+17 1.31E+18 1.63E+18 1.90E+18 2.14E+18 2.32E+18 2.46E+18 2.54E+18 2.58E+18 2.57E+18 2.52E+18 2.44E+18 2.32E+18 2.18E+18 2.03E+18 1.86E+18 1.68E+18 1.51E+18 1.34E+18 1.17E+18 1.01E+18 8.70E+17 7.39E+17 6.21E+17 5.16E+17 4.25E+17 3.47E+17 2.80E+17 
  19.00  0.410  5.78E+20 5.27E+20 5.27E+20 2.20E+18 6.53E+18 1.07E+19 1.46E+19 1.82E+19 2.13E+19 2.40E+19 2.61E+19 2.76E+19 2.87E+19 2.92E+19 2.91E+19 2.86E+19 2.78E+19 2.65E+19 2.50E+19 2.33E+19 2.15E+19 1.95E+19 1.76E+19 1.56E+19 1.38E+19 1.20E+19 1.03E+19 8.82E+18 7.45E+18 6.24E+18 5.17E+18 4.24E+18 3.45E+18 
  20.00  0.410  6.62E+21 6.04E+21 6.04E+21 2.45E+19 7.30E+19 1.20E+20 1.64E+20 2.04E+20 2.39E+20 2.69E+20 2.93E+20 3.11E+20 3.23E+20 3.30E+20 3.30E+20 3.25E+20 3.16E+20 3.03E+20 2.87E+20 2.68E+20 2.48E+20 2.26E+20 2.04E+20 1.82E+20 1.61E+20 1.41E+20 1.22E+20 1.05E+20 8.91E+19 7.50E+19 6.25E+19 5.16E+19 4.22E+19 
  22.50  0.410  6.73E+24 2.69E+24 2.69E+24 1.03E+22 3.07E+22 5.03E+22 6.89E+22 8.59E+22 1.01E+23 1.14E+23 1.25E+23 1.33E+23 1.39E+23 1.42E+23 1.43E+23 1.42E+23 1.38E+23 1.33E+23 1.27E+23 1.20E+23 1.11E+23 1.03E+23 9.35E+22 8.43E+22 7.53E+22 6.65E+22 5.83E+22 5.05E+22 4.34E+22 3.70E+22 3.12E+22 2.61E+22 2.16E+22 
  25.00  0.410  3.00E+27 1.20E+27 1.20E+27 4.35E+24 1.30E+25 2.13E+25 2.92E+25 3.64E+25 4.29E+25 4.85E+25 5.32E+25 5.69E+25 5.96E+25 6.12E+25 6.19E+25 6.16E+25 6.05E+25 5.87E+25 5.63E+25 5.33E+25 5.00E+25 4.63E+25 4.25E+25 3.86E+25 3.48E+25 3.10E+25 2.74E+25 2.40E+25 2.08E+25 1.79E+25 1.52E+25 1.29E+25 1.08E+25 
