   0.25  0.214  2.91E+00 1.16E+01 1.16E+01 4.53E-01 1.26E+00 1.79E+00 1.98E+00 1.86E+00 1.53E+00 1.13E+00 7.53E-01 4.55E-01 2.51E-01 1.26E-01 5.83E-02 2.47E-02 9.61E-03 3.44E-03 1.13E-03 3.43E-04 9.56E-05 2.46E-05 5.83E-06 1.27E-06 2.57E-07 4.77E-08 8.18E-09 1.30E-09 1.89E-10 2.55E-11 3.17E-12 3.65E-13 3.87E-14 
   0.50  0.259  4.90E+00 7.95E+00 7.95E+00 2.02E-01 5.77E-01 8.68E-01 1.04E+00 1.09E+00 1.03E+00 8.96E-01 7.22E-01 5.43E-01 3.82E-01 2.53E-01 1.58E-01 9.26E-02 5.13E-02 2.69E-02 1.33E-02 6.24E-03 2.77E-03 1.16E-03 4.62E-04 1.74E-04 6.22E-05 2.10E-05 6.75E-06 2.06E-06 5.93E-07 1.63E-07 4.22E-08 1.04E-08 2.43E-09 
   0.75  0.294  8.90E+00 1.60E+01 1.60E+01 3.29E-01 9.46E-01 1.45E+00 1.80E+00 1.96E+00 1.95E+00 1.80E+00 1.55E+00 1.27E+00 9.76E-01 7.14E-01 4.97E-01 3.29E-01 2.08E-01 1.25E-01 7.22E-02 3.97E-02 2.09E-02 1.05E-02 5.06E-03 2.33E-03 1.03E-03 4.34E-04 1.76E-04 6.80E-05 2.52E-05 8.98E-06 3.06E-06 9.99E-07 3.13E-07 
   1.00  0.287  2.04E+01 4.60E+01 4.60E+01 8.14E-01 2.36E+00 3.66E+00 4.60E+00 5.13E+00 5.25E+00 5.01E+00 4.51E+00 3.84E+00 3.12E+00 2.42E+00 1.79E+00 1.27E+00 8.64E-01 5.64E-01 3.54E-01 2.13E-01 1.23E-01 6.88E-02 3.69E-02 1.91E-02 9.47E-03 4.53E-03 2.09E-03 9.28E-04 3.97E-04 1.64E-04 6.50E-05 2.49E-05 9.19E-06 
   1.25  0.242  4.88E+01 1.14E+02 1.14E+02 1.80E+00 5.22E+00 8.16E+00 1.04E+01 1.18E+01 1.23E+01 1.20E+01 1.11E+01 9.73E+00 8.17E+00 6.57E+00 5.08E+00 3.77E+00 2.69E+00 1.85E+00 1.23E+00 7.88E-01 4.87E-01 2.91E-01 1.68E-01 9.34E-02 5.02E-02 2.61E-02 1.32E-02 6.40E-03 3.01E-03 1.37E-03 6.03E-04 2.57E-04 1.06E-04 
   1.50  0.362  1.01E+02 2.08E+02 2.08E+02 3.01E+00 8.77E+00 1.38E+01 1.77E+01 2.03E+01 2.14E+01 2.13E+01 2.00E+01 1.80E+01 1.55E+01 1.28E+01 1.02E+01 7.84E+00 5.81E+00 4.15E+00 2.87E+00 1.92E+00 1.25E+00 7.82E-01 4.75E-01 2.80E-01 1.60E-01 8.83E-02 4.73E-02 2.46E-02 1.24E-02 6.06E-03 2.88E-03 1.32E-03 5.91E-04 
   1.75  0.442  1.92E+02 3.64E+02 3.64E+02 4.87E+00 1.42E+01 2.25E+01 2.90E+01 3.35E+01 3.58E+01 3.60E+01 3.44E+01 3.15E+01 2.76E+01 2.33E+01 1.90E+01 1.50E+01 1.14E+01 8.42E+00 6.01E+00 4.17E+00 2.80E+00 1.82E+00 1.15E+00 7.10E-01 4.23E-01 2.45E-01 1.38E-01 7.56E-02 4.02E-02 2.08E-02 1.04E-02 5.11E-03 2.43E-03 
   2.00  0.471  3.49E+02 6.30E+02 6.30E+02 7.89E+00 2.31E+01 3.66E+01 4.75E+01 5.52E+01 5.95E+01 6.05E+01 5.86E+01 5.43E+01 4.84E+01 4.16E+01 3.45E+01 2.78E+01 2.16E+01 1.63E+01 1.20E+01 8.53E+00 5.90E+00 3.97E+00 2.59E+00 1.65E+00 1.02E+00 6.14E-01 3.60E-01 2.05E-01 1.14E-01 6.15E-02 3.24E-02 1.66E-02 8.29E-03 
   2.25  0.407  6.90E+02 1.36E+03 1.36E+03 1.61E+01 4.73E+01 7.51E+01 9.79E+01 1.15E+02 1.24E+02 1.27E+02 1.25E+02 1.17E+02 1.05E+02 9.19E+01 7.75E+01 6.34E+01 5.03E+01 3.87E+01 2.90E+01 2.11E+01 1.50E+01 1.03E+01 6.94E+00 4.54E+00 2.89E+00 1.80E+00 1.09E+00 6.41E-01 3.69E-01 2.07E-01 1.13E-01 6.03E-02 3.14E-02 
   2.50  0.359  1.31E+03 2.50E+03 2.50E+03 2.80E+01 8.23E+01 1.31E+02 1.72E+02 2.02E+02 2.20E+02 2.27E+02 2.24E+02 2.12E+02 1.93E+02 1.71E+02 1.46E+02 1.21E+02 9.75E+01 7.64E+01 5.83E+01 4.32E+01 3.13E+01 2.20E+01 1.51E+01 1.01E+01 6.63E+00 4.23E+00 2.63E+00 1.60E+00 9.46E-01 5.47E-01 3.09E-01 1.71E-01 9.19E-02 
   2.75  0.425  2.44E+03 4.50E+03 4.50E+03 4.82E+01 1.42E+02 2.26E+02 2.97E+02 3.50E+02 3.84E+02 3.99E+02 3.96E+02 3.78E+02 3.48E+02 3.11E+02 2.69E+02 2.26E+02 1.84E+02 1.46E+02 1.13E+02 8.56E+01 6.30E+01 4.52E+01 3.17E+01 2.17E+01 1.45E+01 9.43E+00 6.01E+00 3.74E+00 2.27E+00 1.35E+00 7.85E-01 4.46E-01 2.47E-01 
   3.00  0.425  4.46E+03 8.09E+03 8.09E+03 8.31E+01 2.44E+02 3.91E+02 5.14E+02 6.09E+02 6.71E+02 7.01E+02 7.00E+02 6.73E+02 6.25E+02 5.62E+02 4.91E+02 4.17E+02 3.44E+02 2.77E+02 2.18E+02 1.67E+02 1.24E+02 9.08E+01 6.47E+01 4.51E+01 3.07E+01 2.04E+01 1.33E+01 8.44E+00 5.25E+00 3.19E+00 1.90E+00 1.11E+00 6.30E-01 
   3.25  0.425  8.09E+03 1.45E+04 1.45E+04 1.43E+02 4.21E+02 6.75E+02 8.91E+02 1.06E+03 1.17E+03 1.23E+03 1.23E+03 1.19E+03 1.12E+03 1.01E+03 8.92E+02 7.64E+02 6.38E+02 5.19E+02 4.13E+02 3.20E+02 2.42E+02 1.79E+02 1.30E+02 9.18E+01 6.35E+01 4.30E+01 2.85E+01 1.85E+01 1.17E+01 7.27E+00 4.42E+00 2.63E+00 1.53E+00 
   3.50  0.425  1.46E+04 2.60E+04 2.60E+04 2.47E+02 7.28E+02 1.17E+03 1.54E+03 1.84E+03 2.04E+03 2.15E+03 2.17E+03 2.11E+03 1.99E+03 1.82E+03 1.61E+03 1.39E+03 1.17E+03 9.66E+02 7.75E+02 6.08E+02 4.66E+02 3.49E+02 2.56E+02 1.84E+02 1.29E+02 8.88E+01 5.97E+01 3.94E+01 2.54E+01 1.61E+01 9.97E+00 6.05E+00 3.60E+00 
   3.75  0.425  2.63E+04 4.70E+04 4.70E+04 4.33E+02 1.28E+03 2.05E+03 2.72E+03 3.24E+03 3.61E+03 3.82E+03 3.88E+03 3.79E+03 3.59E+03 3.30E+03 2.95E+03 2.57E+03 2.18E+03 1.81E+03 1.47E+03 1.16E+03 8.99E+02 6.82E+02 5.06E+02 3.68E+02 2.62E+02 1.82E+02 1.25E+02 8.34E+01 5.47E+01 3.52E+01 2.22E+01 1.37E+01 8.31E+00 
   4.00  0.425  4.76E+04 8.51E+04 8.51E+04 7.59E+02 2.24E+03 3.60E+03 4.77E+03 5.71E+03 6.39E+03 6.78E+03 6.90E+03 6.78E+03 6.45E+03 5.96E+03 5.36E+03 4.70E+03 4.02E+03 3.36E+03 2.75E+03 2.20E+03 1.72E+03 1.32E+03 9.89E+02 7.27E+02 5.24E+02 3.70E+02 2.56E+02 1.74E+02 1.16E+02 7.54E+01 4.83E+01 3.03E+01 1.87E+01 
   4.25  0.425  8.60E+04 1.53E+05 1.53E+05 1.33E+03 3.92E+03 6.31E+03 8.39E+03 1.01E+04 1.13E+04 1.20E+04 1.23E+04 1.21E+04 1.16E+04 1.07E+04 9.72E+03 8.58E+03 7.39E+03 6.23E+03 5.13E+03 4.14E+03 3.26E+03 2.52E+03 1.91E+03 1.42E+03 1.04E+03 7.39E+02 5.18E+02 3.56E+02 2.40E+02 1.59E+02 1.03E+02 6.57E+01 4.11E+01 
   4.50  0.425  1.55E+05 2.76E+05 2.76E+05 2.33E+03 6.87E+03 1.11E+04 1.47E+04 1.77E+04 1.99E+04 2.12E+04 2.18E+04 2.15E+04 2.07E+04 1.93E+04 1.76E+04 1.56E+04 1.35E+04 1.15E+04 9.51E+03 7.73E+03 6.15E+03 4.80E+03 3.67E+03 2.75E+03 2.02E+03 1.46E+03 1.03E+03 7.19E+02 4.91E+02 3.29E+02 2.16E+02 1.40E+02 8.86E+01 
   4.75  0.425  2.79E+05 4.96E+05 4.96E+05 4.07E+03 1.20E+04 1.94E+04 2.58E+04 3.11E+04 3.50E+04 3.75E+04 3.85E+04 3.83E+04 3.69E+04 3.46E+04 3.16E+04 2.82E+04 2.46E+04 2.10E+04 1.75E+04 1.43E+04 1.15E+04 9.05E+03 6.98E+03 5.28E+03 3.92E+03 2.86E+03 2.04E+03 1.44E+03 9.90E+02 6.71E+02 4.47E+02 2.92E+02 1.88E+02 
   5.00  0.425  5.01E+05 8.88E+05 8.88E+05 7.11E+03 2.10E+04 3.39E+04 4.52E+04 5.45E+04 6.15E+04 6.60E+04 6.81E+04 6.78E+04 6.56E+04 6.18E+04 5.67E+04 5.09E+04 4.46E+04 3.83E+04 3.22E+04 2.65E+04 2.14E+04 1.69E+04 1.32E+04 1.00E+04 7.52E+03 5.53E+03 3.99E+03 2.83E+03 1.97E+03 1.35E+03 9.10E+02 6.02E+02 3.91E+02 
   5.50  0.425  1.95E+06 2.90E+06 2.90E+06 2.21E+04 6.54E+04 1.06E+05 1.41E+05 1.71E+05 1.93E+05 2.09E+05 2.16E+05 2.17E+05 2.11E+05 2.00E+05 1.85E+05 1.68E+05 1.48E+05 1.29E+05 1.09E+05 9.10E+04 7.44E+04 5.97E+04 4.71E+04 3.64E+04 2.77E+04 2.07E+04 1.52E+04 1.10E+04 7.79E+03 5.44E+03 3.73E+03 2.52E+03 1.67E+03 
   6.00  0.425  6.66E+06 9.43E+06 9.43E+06 6.90E+04 2.04E+05 3.30E+05 4.42E+05 5.36E+05 6.09E+05 6.59E+05 6.87E+05 6.92E+05 6.78E+05 6.47E+05 6.03E+05 5.49E+05 4.90E+05 4.29E+05 3.68E+05 3.10E+05 2.56E+05 2.08E+05 1.66E+05 1.30E+05 1.00E+05 7.59E+04 5.66E+04 4.15E+04 2.99E+04 2.12E+04 1.48E+04 1.02E+04 6.89E+03 
   6.50  0.425  2.19E+07 3.04E+07 3.04E+07 2.14E+05 6.33E+05 1.03E+06 1.38E+06 1.67E+06 1.91E+06 2.07E+06 2.16E+06 2.19E+06 2.16E+06 2.07E+06 1.94E+06 1.78E+06 1.60E+06 1.41E+06 1.22E+06 1.04E+06 8.65E+05 7.10E+05 5.72E+05 4.54E+05 3.54E+05 2.71E+05 2.05E+05 1.52E+05 1.11E+05 8.02E+04 5.69E+04 3.97E+04 2.73E+04 
   7.00  0.425  7.11E+07 9.85E+07 9.85E+07 6.69E+05 1.98E+06 3.21E+06 4.32E+06 5.25E+06 6.00E+06 6.53E+06 6.86E+06 6.97E+06 6.89E+06 6.65E+06 6.27E+06 5.79E+06 5.24E+06 4.65E+06 4.05E+06 3.47E+06 2.92E+06 2.42E+06 1.97E+06 1.58E+06 1.24E+06 9.63E+05 7.36E+05 5.53E+05 4.10E+05 2.99E+05 2.15E+05 1.52E+05 1.06E+05 
   7.50  0.425  2.32E+08 3.21E+08 3.21E+08 2.11E+06 6.25E+06 1.01E+07 1.37E+07 1.67E+07 1.91E+07 2.08E+07 2.19E+07 2.23E+07 2.22E+07 2.15E+07 2.04E+07 1.89E+07 1.72E+07 1.54E+07 1.35E+07 1.16E+07 9.87E+06 8.24E+06 6.76E+06 5.46E+06 4.35E+06 3.41E+06 2.63E+06 2.00E+06 1.50E+06 1.11E+06 8.04E+05 5.77E+05 4.08E+05 
   8.00  0.425  7.51E+08 1.04E+09 1.04E+09 6.61E+06 1.96E+07 3.18E+07 4.29E+07 5.24E+07 6.01E+07 6.58E+07 6.94E+07 7.10E+07 7.08E+07 6.89E+07 6.56E+07 6.12E+07 5.60E+07 5.03E+07 4.44E+07 3.86E+07 3.29E+07 2.77E+07 2.29E+07 1.87E+07 1.50E+07 1.18E+07 9.22E+06 7.08E+06 5.36E+06 4.00E+06 2.94E+06 2.13E+06 1.53E+06 
   8.50  0.425  2.43E+09 3.35E+09 3.35E+09 2.07E+07 6.13E+07 9.97E+07 1.34E+08 1.65E+08 1.89E+08 2.07E+08 2.19E+08 2.25E+08 2.25E+08 2.20E+08 2.10E+08 1.97E+08 1.81E+08 1.64E+08 1.45E+08 1.27E+08 1.09E+08 9.23E+07 7.69E+07 6.31E+07 5.11E+07 4.07E+07 3.20E+07 2.48E+07 1.89E+07 1.43E+07 1.06E+07 7.77E+06 5.62E+06 
   9.00  0.425  7.90E+09 1.10E+10 1.10E+10 6.58E+07 1.95E+08 3.17E+08 4.28E+08 5.25E+08 6.04E+08 6.64E+08 7.05E+08 7.25E+08 7.27E+08 7.13E+08 6.84E+08 6.43E+08 5.94E+08 5.39E+08 4.81E+08 4.23E+08 3.65E+08 3.11E+08 2.61E+08 2.16E+08 1.76E+08 1.41E+08 1.12E+08 8.73E+07 6.73E+07 5.11E+07 3.83E+07 2.84E+07 2.07E+07 
   9.50  0.425  2.57E+10 3.55E+10 3.55E+10 2.08E+08 6.16E+08 1.00E+09 1.36E+09 1.66E+09 1.92E+09 2.11E+09 2.24E+09 2.32E+09 2.33E+09 2.29E+09 2.20E+09 2.08E+09 1.93E+09 1.76E+09 1.58E+09 1.39E+09 1.21E+09 1.04E+09 8.75E+08 7.27E+08 5.96E+08 4.82E+08 3.85E+08 3.03E+08 2.35E+08 1.80E+08 1.36E+08 1.02E+08 7.50E+07 
  10.00  0.425  8.26E+10 1.14E+11 1.14E+11 6.50E+08 1.93E+09 3.14E+09 4.25E+09 5.22E+09 6.02E+09 6.64E+09 7.08E+09 7.32E+09 7.38E+09 7.28E+09 7.03E+09 6.66E+09 6.20E+09 5.68E+09 5.11E+09 4.53E+09 3.96E+09 3.41E+09 2.89E+09 2.42E+09 2.00E+09 1.62E+09 1.30E+09 1.03E+09 8.09E+08 6.24E+08 4.76E+08 3.58E+08 2.66E+08 
  11.00  0.425  1.29E+12 1.21E+12 1.21E+12 6.60E+09 1.96E+10 3.19E+10 4.33E+10 5.33E+10 6.16E+10 6.82E+10 7.29E+10 7.58E+10 7.68E+10 7.61E+10 7.39E+10 7.05E+10 6.61E+10 6.09E+10 5.53E+10 4.94E+10 4.36E+10 3.78E+10 3.24E+10 2.74E+10 2.29E+10 1.88E+10 1.53E+10 1.23E+10 9.73E+09 7.62E+09 5.89E+09 4.50E+09 3.39E+09 
  12.00  0.425  1.40E+13 1.27E+13 1.27E+13 6.62E+10 1.97E+11 3.21E+11 4.35E+11 5.37E+11 6.23E+11 6.91E+11 7.41E+11 7.73E+11 7.86E+11 7.83E+11 7.64E+11 7.33E+11 6.91E+11 6.41E+11 5.86E+11 5.28E+11 4.69E+11 4.11E+11 3.55E+11 3.03E+11 2.55E+11 2.12E+11 1.74E+11 1.41E+11 1.13E+11 8.97E+10 7.02E+10 5.43E+10 4.15E+10 
  13.00  0.425  1.47E+14 1.33E+14 1.33E+14 6.69E+11 1.99E+12 3.25E+12 4.41E+12 5.45E+12 6.33E+12 7.05E+12 7.58E+12 7.93E+12 8.09E+12 8.09E+12 7.93E+12 7.64E+12 7.24E+12 6.76E+12 6.22E+12 5.63E+12 5.04E+12 4.44E+12 3.87E+12 3.33E+12 2.83E+12 2.37E+12 1.97E+12 1.61E+12 1.30E+12 1.04E+12 8.26E+11 6.46E+11 5.00E+11 
  14.00  0.425  1.56E+15 1.41E+15 1.41E+15 6.82E+12 2.03E+13 3.31E+13 4.50E+13 5.57E+13 6.49E+13 7.23E+13 7.80E+13 8.18E+13 8.38E+13 8.41E+13 8.28E+13 8.01E+13 7.63E+13 7.15E+13 6.61E+13 6.03E+13 5.42E+13 4.82E+13 4.22E+13 3.66E+13 3.13E+13 2.65E+13 2.21E+13 1.83E+13 1.49E+13 1.21E+13 9.64E+12 7.62E+12 5.95E+12 
  15.00  0.425  1.62E+16 1.47E+16 1.47E+16 6.87E+13 2.04E+14 3.34E+14 4.54E+14 5.63E+14 6.56E+14 7.33E+14 7.92E+14 8.33E+14 8.56E+14 8.61E+14 8.51E+14 8.27E+14 7.91E+14 7.45E+14 6.92E+14 6.34E+14 5.73E+14 5.12E+14 4.52E+14 3.94E+14 3.39E+14 2.89E+14 2.43E+14 2.03E+14 1.67E+14 1.36E+14 1.10E+14 8.74E+13 6.89E+13 
  16.00  0.425  1.72E+17 1.56E+17 1.56E+17 7.06E+14 2.10E+15 3.44E+15 4.68E+15 5.80E+15 6.78E+15 7.59E+15 8.21E+15 8.66E+15 8.92E+15 9.00E+15 8.92E+15 8.70E+15 8.35E+15 7.90E+15 7.37E+15 6.78E+15 6.17E+15 5.54E+15 4.91E+15 4.31E+15 3.73E+15 3.20E+15 2.71E+15 2.28E+15 1.89E+15 1.55E+15 1.26E+15 1.01E+15 8.05E+14 
  17.00  0.425  1.81E+18 1.64E+18 1.64E+18 7.19E+15 2.14E+16 3.50E+16 4.78E+16 5.93E+16 6.93E+16 7.77E+16 8.43E+16 8.91E+16 9.20E+16 9.31E+16 9.25E+16 9.05E+16 8.72E+16 8.27E+16 7.75E+16 7.17E+16 6.54E+16 5.90E+16 5.26E+16 4.64E+16 4.05E+16 3.49E+16 2.98E+16 2.51E+16 2.10E+16 1.73E+16 1.42E+16 1.15E+16 9.21E+15 
  18.00  0.425  1.89E+19 1.71E+19 1.71E+19 7.32E+16 2.18E+17 3.57E+17 4.87E+17 6.05E+17 7.08E+17 7.95E+17 8.64E+17 9.15E+17 9.46E+17 9.60E+17 9.57E+17 9.39E+17 9.07E+17 8.64E+17 8.13E+17 7.54E+17 6.92E+17 6.27E+17 5.61E+17 4.97E+17 4.36E+17 3.78E+17 3.24E+17 2.75E+17 2.31E+17 1.92E+17 1.58E+17 1.29E+17 1.04E+17 
  19.00  0.425  2.00E+20 1.81E+20 1.81E+20 7.55E+17 2.25E+18 3.68E+18 5.03E+18 6.26E+18 7.33E+18 8.24E+18 8.97E+18 9.51E+18 9.86E+18 1.00E+19 1.00E+19 9.86E+18 9.55E+18 9.13E+18 8.61E+18 8.02E+18 7.38E+18 6.72E+18 6.04E+18 5.38E+18 4.73E+18 4.12E+18 3.56E+18 3.03E+18 2.56E+18 2.15E+18 1.78E+18 1.46E+18 1.19E+18 
  20.00  0.425  2.09E+21 1.89E+21 1.89E+21 7.69E+18 2.29E+19 3.75E+19 5.12E+19 6.38E+19 7.48E+19 8.42E+19 9.18E+19 9.75E+19 1.01E+20 1.03E+20 1.03E+20 1.02E+20 9.90E+19 9.49E+19 8.98E+19 8.40E+19 7.76E+19 7.08E+19 6.40E+19 5.72E+19 5.05E+19 4.42E+19 3.83E+19 3.29E+19 2.79E+19 2.35E+19 1.96E+19 1.62E+19 1.32E+19 
  22.50  0.425  1.71E+24 6.84E+23 6.84E+23 2.62E+21 7.80E+21 1.28E+22 1.75E+22 2.18E+22 2.57E+22 2.90E+22 3.17E+22 3.38E+22 3.52E+22 3.61E+22 3.63E+22 3.60E+22 3.52E+22 3.40E+22 3.23E+22 3.05E+22 2.84E+22 2.61E+22 2.38E+22 2.15E+22 1.91E+22 1.69E+22 1.48E+22 1.29E+22 1.10E+22 9.40E+21 7.93E+21 6.63E+21 5.49E+21 
  25.00  0.425  6.12E+26 2.44E+26 2.44E+26 8.88E+23 2.64E+24 4.34E+24 5.95E+24 7.43E+24 8.76E+24 9.91E+24 1.09E+25 1.16E+25 1.22E+25 1.25E+25 1.26E+25 1.26E+25 1.24E+25 1.20E+25 1.15E+25 1.09E+25 1.02E+25 9.45E+24 8.68E+24 7.89E+24 7.10E+24 6.33E+24 5.59E+24 4.89E+24 4.24E+24 3.65E+24 3.11E+24 2.63E+24 2.20E+24 
