#include "TGraph.h"

double adETable[] = {
1.0375,
1.1375,
1.2375,
1.3375,
1.4375,
1.5375,
1.6375,
1.7375,
1.8375,
1.9375,
2.0375,
2.1375,
2.2375,
2.3375,
2.4375,
2.5375,
2.6375,
2.7375,
2.8375,
2.9375,
3.0375,
3.1375,
3.2375,
3.3375,
3.4375,
3.5375,
3.6375,
3.7375,
3.8375,
3.9375,
4.0375,
4.1375,
4.2375,
4.3375,
4.4375,
4.5375,
4.6375,
4.7375,
4.8375,
4.9375,
5.0375,
6.534,
5.11626315789,
5.19502631579,
5.27378947368,
5.35255263158,
5.43131578947,
5.51007894737,
5.58884210526,
5.66760526316,
5.74636842105,
5.82513157895,
5.90389473684,
5.98265789474,
6.06142105263,
6.14018421053,
6.21894736842,
6.29771052632,
6.37647368421,
6.45523684211,
6.534
};
const int nETable = sizeof(adETable)/sizeof(double);

double adRho[] = {59.8910725271,
88.8217750932,
130.806123653,
181.878390628,
246.822445109,
328.151296441,
423.609655341,
522.511458992,
634.977486919,
761.228143073,
954.244249636,
1289.328338,
1741.77043497,
2285.92302933,
2896.04111843,
3565.9063879,
4329.32254737,
5199.178561,
6365.33793076,
7829.47171704,
9693.52590348,
12088.0811504,
15007.8328556,
18871.8873574,
23649.646415,
29706.0086123,
37574.8995236,
47293.812138,
59873.169091,
75460.1673675,
95116.4930838,
120383.485565,
151696.038366,
191908.4721,
242338.730969,
307134.272783,
392057.075256,
499444.007963,
637906.189571,
811503.12703,
1034658.65454,
32980165.7387,
1271954.83135,
1558749.27591,
1904373.16676,
2319735.42093,
2817559.77116,
3412653.14498,
4122208.925,
4966149.01818,
5967509.03763,
7152871.3066,
8552850.83194,
10202639.8654,
12142617.1791,
14419028.7256,
17084746.9393,
20200116.5648,
23833895.5678,
28064300.4103,
32980165.7387
};
TGraph *grRho = new TGraph(nETable,adETable,adRho);

double adLDa[] = {
0.0,
0.0,
0.0,
0.0,
0.0,
0.0,
0.0,
0.0,
0.0,
0.0,
0.0,
0.0,
0.0,
0.0,
0.0,
0.0,
0.0,
0.0,
0.0,
0.0,
0.0,
0.0,
0.0,
0.0,
0.0,
0.0,
0.0,
0.0,
0.0,
0.0,
0.0,
0.0,
0.0,
0.0,
0.0,
0.0,
0.0,
0.0,
0.0,
0.0,
0.0,
0.0,
0.0,
0.0,
0.0,
0.0,
0.0,
0.0,
0.0,
0.0,
0.0,
0.0,
0.0,
0.0,
0.0,
0.0,
0.0,
0.0,
0.0,
0.0,
0.0
};
TGraph *grLDa = new TGraph(nETable,adETable,adLDa);

double adJCut[] = {
5.35447449009,
5.48044202991,
5.59777968539,
5.70776232049,
5.8113908406,
5.90946682434,
6.00264310887,
6.09145912218,
6.1763662032,
6.25774615451,
6.33592510247,
6.41118403038,
6.48376690571,
6.55388703674,
6.62173210549,
6.68746819685,
6.75124305671,
6.81318875092,
6.87342385364,
6.93205526223,
6.98917971337,
7.04488505792,
7.09925133952,
7.15235171236,
7.20425322642,
7.25501750245,
7.30470131514,
7.35335709904,
7.40103338931,
7.44777520729,
7.49362439887,
7.53861993272,
7.58279816373,
7.62619306676,
7.66883644435,
7.71075811209,
7.75198606432,
7.79254662271,
7.83246456983,
7.87176326942,
7.91046477503,
8.43014393582,
7.94054055346,
7.97026849541,
7.9996578832,
8.02871761504,
8.05745622637,
8.08588190982,
8.11400253367,
8.14182565916,
8.16935855664,
8.19660822058,
8.22358138372,
8.25028453023,
8.27672390808,
8.30290554062,
8.32883523749,
8.35451860481,
8.37996105479,
8.40516781479,
8.43014393582
};
TGraph *grJCut = new TGraph(nETable,adETable,adJCut);

