#include "TGraph.h"

double adGSF_ETable[] = {
0.0,
0.04,
0.08,
0.12,
0.16,
0.2,
0.24,
0.28,
0.32,
0.36,
0.4,
0.44,
0.48,
0.52,
0.56,
0.6,
0.64,
0.68,
0.72,
0.76,
0.8,
0.84,
0.88,
0.92,
0.96,
1.0,
1.04,
1.08,
1.12,
1.16,
1.2,
1.24,
1.28,
1.32,
1.36,
1.4,
1.44,
1.48,
1.52,
1.56,
1.6,
1.64,
1.68,
1.72,
1.76,
1.8,
1.84,
1.88,
1.92,
1.96,
2.0,
2.04,
2.08,
2.12,
2.16,
2.2,
2.24,
2.28,
2.32,
2.36,
2.4,
2.44,
2.48,
2.52,
2.56,
2.6,
2.64,
2.68,
2.72,
2.76,
2.8,
2.84,
2.88,
2.92,
2.96,
3.0,
3.04,
3.08,
3.12,
3.16,
3.2,
3.24,
3.28,
3.32,
3.36,
3.4,
3.44,
3.48,
3.52,
3.56,
3.6,
3.64,
3.68,
3.72,
3.76,
3.8,
3.84,
3.88,
3.92,
3.96,
4.0,
4.0,
4.10738255034,
4.21476510067,
4.32214765101,
4.42953020134,
4.53691275168,
4.64429530201,
4.75167785235,
4.85906040268,
4.96644295302,
5.07382550336,
5.18120805369,
5.28859060403,
5.39597315436,
5.5033557047,
5.61073825503,
5.71812080537,
5.8255033557,
5.93288590604,
6.04026845638,
6.14765100671,
6.25503355705,
6.36241610738,
6.46979865772,
6.57718120805,
6.68456375839,
6.79194630872,
6.89932885906,
7.0067114094,
7.11409395973,
7.22147651007,
7.3288590604,
7.43624161074,
7.54362416107,
7.65100671141,
7.75838926174,
7.86577181208,
7.97315436242,
8.08053691275,
8.18791946309,
8.29530201342,
8.40268456376,
8.51006711409,
8.61744966443,
8.72483221477,
8.8322147651,
8.93959731544,
9.04697986577,
9.15436241611,
9.26174496644,
9.36912751678,
9.47651006711,
9.58389261745,
9.69127516779,
9.79865771812,
9.90604026846,
10.0134228188,
10.1208053691,
10.2281879195,
10.3355704698,
10.4429530201,
10.5503355705,
10.6577181208,
10.7651006711,
10.8724832215,
10.9798657718,
11.0872483221,
11.1946308725,
11.3020134228,
11.4093959732,
11.5167785235,
11.6241610738,
11.7315436242,
11.8389261745,
11.9463087248,
12.0536912752,
12.1610738255,
12.2684563758,
12.3758389262,
12.4832214765,
12.5906040268,
12.6979865772,
12.8053691275,
12.9127516779,
13.0201342282,
13.1275167785,
13.2348993289,
13.3422818792,
13.4496644295,
13.5570469799,
13.6644295302,
13.7718120805,
13.8791946309,
13.9865771812,
14.0939597315,
14.2013422819,
14.3087248322,
14.4161073826,
14.5234899329,
14.6308724832,
14.7382550336,
14.8456375839,
14.9530201342,
15.0604026846,
15.1677852349,
15.2751677852,
15.3825503356,
15.4899328859,
15.5973154362,
15.7046979866,
15.8120805369,
15.9194630872,
16.0268456376,
16.1342281879,
16.2416107383,
16.3489932886,
16.4563758389,
16.5637583893,
16.6711409396,
16.7785234899,
16.8859060403,
16.9932885906,
17.1006711409,
17.2080536913,
17.3154362416,
17.4228187919,
17.5302013423,
17.6375838926,
17.744966443,
17.8523489933,
17.9597315436,
18.067114094,
18.1744966443,
18.2818791946,
18.389261745,
18.4966442953,
18.6040268456,
18.711409396,
18.8187919463,
18.9261744966,
19.033557047,
19.1409395973,
19.2483221477,
19.355704698,
19.4630872483,
19.5704697987,
19.677852349,
19.7852348993,
19.8926174497,
20.0
};
const int nGSF_ETable = sizeof(adGSF_ETable)/sizeof(double);

double adGSF_E1[] = {
8.06553319014e-09,
8.10233905958e-09,
8.13933211062e-09,
8.17669960093e-09,
8.2146289404e-09,
8.25330776736e-09,
8.29292402495e-09,
8.33366603769e-09,
8.37572258831e-09,
8.41928299484e-09,
8.46453718809e-09,
8.51167578946e-09,
8.56089018928e-09,
8.61237262558e-09,
8.66631626341e-09,
8.7229152748e-09,
8.78236491935e-09,
8.8448616255e-09,
8.91060307258e-09,
8.97978827372e-09,
9.05261765949e-09,
9.12929316263e-09,
9.21001830363e-09,
9.29499827744e-09,
9.38444004116e-09,
9.47855240302e-09,
9.57754611249e-09,
9.68163395166e-09,
9.791030828e-09,
9.9059538685e-09,
1.00266225153e-08,
1.01532586228e-08,
1.02860865565e-08,
1.04253332932e-08,
1.05712285234e-08,
1.07240047552e-08,
1.088389742e-08,
1.10511449807e-08,
1.12259890412e-08,
1.14086744583e-08,
1.15994494566e-08,
1.17985657441e-08,
1.20062786315e-08,
1.22228471535e-08,
1.24485341927e-08,
1.26836066057e-08,
1.2928335353e-08,
1.31829956305e-08,
1.34478670046e-08,
1.37232335506e-08,
1.40093839933e-08,
1.43066118521e-08,
1.46152155883e-08,
1.49354987564e-08,
1.52677701594e-08,
1.56123440067e-08,
1.59695400772e-08,
1.63396838852e-08,
1.67231068513e-08,
1.71201464768e-08,
1.7531146523e-08,
1.79564571947e-08,
1.83964353288e-08,
1.88514445872e-08,
1.93218556547e-08,
1.98080464428e-08,
2.0310402298e-08,
2.08293162158e-08,
2.13651890603e-08,
2.19184297904e-08,
2.24894556904e-08,
2.30786926087e-08,
2.36865752018e-08,
2.43135471847e-08,
2.49600615896e-08,
2.56265810295e-08,
2.63135779713e-08,
2.70215350149e-08,
2.77509451807e-08,
2.85023122047e-08,
2.92761508427e-08,
3.00729871817e-08,
3.08933589615e-08,
3.17378159043e-08,
3.26069200543e-08,
3.35012461265e-08,
3.44213818657e-08,
3.53679284159e-08,
3.63415007e-08,
3.73427278103e-08,
3.8372253411e-08,
3.94307361512e-08,
4.05188500909e-08,
4.16372851386e-08,
4.27867475023e-08,
4.39679601525e-08,
4.51816633002e-08,
4.64286148879e-08,
4.77095910946e-08,
4.90253868567e-08,
5.03768164034e-08,
5.03768164034e-08,
5.41875580896e-08,
5.82780778011e-08,
6.2666402492e-08,
6.73717940049e-08,
7.24148466628e-08,
7.78175927337e-08,
8.36036163745e-08,
8.97981766895e-08,
9.64283405651e-08,
1.0352312596e-07,
1.11113656342e-07,
1.19233326955e-07,
1.27917983587e-07,
1.37206114473e-07,
1.47139055882e-07,
1.57761211853e-07,
1.69120288371e-07,
1.8126754208e-07,
1.94258043324e-07,
2.08150952934e-07,
2.23009811648e-07,
2.38902840436e-07,
2.55903249111e-07,
2.74089549574e-07,
2.9354586867e-07,
3.14362253962e-07,
3.36634963615e-07,
3.60466729028e-07,
3.85966975666e-07,
4.13251983752e-07,
4.42444965841e-07,
4.73676032863e-07,
5.07082013748e-07,
5.42806086314e-07,
5.80997168575e-07,
6.2180901012e-07,
6.65398912963e-07,
7.11926000468e-07,
7.61548942449e-07,
8.14423035029e-07,
8.70696526974e-07,
9.305060817e-07,
9.93971268819e-07,
1.06118799412e-06,
1.13222080653e-06,
1.20709406931e-06,
1.28578205578e-06,
1.3681981312e-06,
1.45418331573e-06,
1.54349468768e-06,
1.6357942776e-06,
1.73063930887e-06,
1.8274748388e-06,
1.92563001399e-06,
2.02431923333e-06,
2.12264946672e-06,
2.21963476033e-06,
2.31421854173e-06,
2.40530371409e-06,
2.49178973488e-06,
2.57261499205e-06,
2.64680194536e-06,
2.71350184099e-06,
2.77203547953e-06,
2.82192662204e-06,
2.86292518435e-06,
2.89501833185e-06,
2.91842879857e-06,
2.93360101553e-06,
2.94117673819e-06,
2.94196264616e-06,
2.93689275734e-06,
2.92698844582e-06,
2.91331844378e-06,
2.89696055613e-06,
2.87896605538e-06,
2.86032698039e-06,
2.84194594365e-06,
2.82460764465e-06,
2.80895115968e-06,
2.79544229369e-06,
2.78434588802e-06,
2.77569900933e-06,
2.76928737241e-06,
2.76462902785e-06,
2.76097094776e-06,
2.75730511507e-06,
2.75241033362e-06,
2.74492352039e-06,
2.73343941382e-06,
2.71663096907e-06,
2.69337582979e-06,
2.66286957796e-06,
2.62470625727e-06,
2.57891189076e-06,
2.5259262027e-06,
2.46653851356e-06,
2.40179231638e-06,
2.33287697188e-06,
2.26102388079e-06,
2.18741979621e-06,
2.11314381943e-06,
2.03912903942e-06,
1.96614585613e-06,
1.89480202303e-06,
1.82555401797e-06,
1.75872493469e-06,
1.69452514188e-06,
1.63307309214e-06,
1.57441466122e-06,
1.51854016835e-06,
1.46539876691e-06,
1.41491023511e-06,
1.36697438866e-06,
1.3214784259e-06,
1.27830253917e-06,
1.23732411171e-06,
1.19842078524e-06,
1.16147264212e-06,
1.12636370421e-06,
1.0929829122e-06,
1.06122471551e-06,
1.03098937483e-06,
1.00218305627e-06,
9.74717777519e-07,
9.48511251913e-07,
9.23486664603e-07,
8.99572406443e-07,
8.76701784196e-07,
8.54812720587e-07,
8.33847453774e-07,
8.1375224288e-07,
7.94477084042e-07,
7.75975439823e-07,
7.58203983628e-07,
7.4112235995e-07,
7.24692960619e-07,
7.08880716867e-07,
6.93652906663e-07,
6.78978976657e-07,
6.64830377918e-07,
6.51180414604e-07,
6.38004104698e-07,
6.25278051927e-07,
6.12980328024e-07,
6.01090364517e-07,
5.89588853294e-07,
5.78457655204e-07,
5.67679716043e-07
};
TGraph *grGSF_E1 = new TGraph(nGSF_ETable,adGSF_ETable,adGSF_E1);

double adGSF_M1[] = {
0.0,
4.7206342045e-10,
9.45378806343e-10,
1.42120559647e-09,
1.9008182431e-09,
2.38551388604e-09,
2.87662022899e-09,
3.37550368755e-09,
3.88357788028e-09,
4.40231253613e-09,
4.93324289365e-09,
5.47797966945e-09,
6.03821967545e-09,
6.61575716511e-09,
7.21249598934e-09,
7.83046264039e-09,
8.47182025811e-09,
9.13888366389e-09,
9.83413547433e-09,
1.05602433248e-08,
1.13200782014e-08,
1.21167338345e-08,
1.29535470411e-08,
1.3834118816e-08,
1.47623358471e-08,
1.5742391965e-08,
1.67788088155e-08,
1.78764547459e-08,
1.9040560511e-08,
2.02767298911e-08,
2.15909426657e-08,
2.29895465415e-08,
2.44792335817e-08,
2.60669953671e-08,
2.77600495249e-08,
2.95657283649e-08,
3.14913182047e-08,
3.35438356202e-08,
3.5729724544e-08,
3.80544562101e-08,
4.05220130232e-08,
4.31342384708e-08,
4.58900395523e-08,
4.8784437685e-08,
5.18074808481e-08,
5.49430560636e-08,
5.81676787705e-08,
6.14493839545e-08,
6.47468991759e-08,
6.80093324789e-08,
7.11766421674e-08,
7.41811479567e-08,
7.69502696785e-08,
7.94105240071e-08,
8.14925762277e-08,
8.31368702503e-08,
8.42991172108e-08,
8.49547993301e-08,
8.51019118461e-08,
8.47614367405e-08,
8.39754577367e-08,
8.28032681708e-08,
8.13161622382e-08,
7.95917488119e-08,
7.77085714811e-08,
7.57416114122e-08,
7.37589771688e-08,
7.1819828928e-08,
6.9973395167e-08,
6.82588345205e-08,
6.67056644958e-08,
6.53344997423e-08,
6.41578919431e-08,
6.3181122674e-08,
6.24028584688e-08,
6.18156288359e-08,
6.1406132307e-08,
6.11554139293e-08,
6.10389911101e-08,
6.10270330091e-08,
6.10847187811e-08,
6.11729060577e-08,
6.12492252577e-08,
6.12696701872e-08,
6.11906779438e-08,
6.09715875091e-08,
6.05772549054e-08,
5.99805125536e-08,
5.91641237742e-08,
5.81219230398e-08,
5.68589496789e-08,
5.53905517812e-08,
5.37406131951e-08,
5.19391921671e-08,
5.00199232529e-08,
4.80175183083e-08,
4.59656254249e-08,
4.38951976353e-08,
4.18334170896e-08,
3.98031368105e-08,
3.78227502206e-08,
3.78227502206e-08,
3.28496822834e-08,
2.84738558625e-08,
2.4716136021e-08,
2.15299273075e-08,
1.88422866763e-08,
1.65762701206e-08,
1.46611446255e-08,
1.3035961231e-08,
1.16499225037e-08,
1.0461411331e-08,
9.43660372362e-09,
8.54808024259e-09,
7.77359697943e-09,
7.0950586386e-09,
6.49768574795e-09,
5.96934985068e-09,
5.50004689381e-09,
5.08148131034e-09,
4.70673750545e-09,
4.37001986349e-09,
4.06644632154e-09,
3.79188381717e-09,
3.542816528e-09,
3.31623986581e-09,
3.10957477333e-09,
2.92059809294e-09,
2.74738571542e-09,
2.58826593846e-09,
2.44178102018e-09,
2.30665534165e-09,
2.1817689243e-09,
2.06613530622e-09,
1.95888298268e-09,
1.8592397737e-09,
1.76651960602e-09,
1.68011129473e-09,
1.59946898767e-09,
1.52410399801e-09,
1.45357780009e-09,
1.38749600348e-09,
1.32550315276e-09,
1.26727822637e-09,
1.21253072959e-09,
1.16099729375e-09,
1.11243870825e-09,
1.06663732377e-09,
1.02339477447e-09,
9.82529975418e-10,
9.43877357839e-10,
9.07285310511e-10,
8.72614800321e-10,
8.39738148821e-10,
8.08537944986e-10,
7.78906077145e-10,
7.50742869404e-10,
7.23956309891e-10,
6.98461359842e-10,
6.74179334023e-10,
6.51037344192e-10,
6.28967798397e-10,
6.07907949811e-10,
5.87799489584e-10,
5.6858817889e-10,
5.50223515915e-10,
5.32658434067e-10,
5.15849028096e-10,
4.99754305231e-10,
4.84335958765e-10,
4.69558161799e-10,
4.55387379132e-10,
4.41792195496e-10,
4.28743158543e-10,
4.16212635152e-10,
4.04174679787e-10,
3.92604913765e-10,
3.81480414423e-10,
3.70779613262e-10,
3.60482202255e-10,
3.50569047577e-10,
3.41022110107e-10,
3.31824372082e-10,
3.22959769393e-10,
3.14413129013e-10,
3.06170111128e-10,
2.98217155575e-10,
2.90541432224e-10,
2.8313079497e-10,
2.75973739054e-10,
2.69059361428e-10,
2.62377323924e-10,
2.5591781901e-10,
2.49671537919e-10,
2.43629640967e-10,
2.37783729904e-10,
2.32125822118e-10,
2.26648326571e-10,
2.21344021335e-10,
2.16206032592e-10,
2.11227815013e-10,
2.06403133393e-10,
2.0172604547e-10,
1.97190885829e-10,
1.92792250818e-10,
1.88524984406e-10,
1.84384164915e-10,
1.80365092567e-10,
1.76463277786e-10,
1.72674430205e-10,
1.68994448339e-10,
1.65419409858e-10,
1.61945562441e-10,
1.58569315166e-10,
1.55287230392e-10,
1.52096016115e-10,
1.48992518755e-10,
1.45973716356e-10,
1.43036712163e-10,
1.40178728564e-10,
1.37397101363e-10,
1.34689274367e-10,
1.32052794274e-10,
1.2948530583e-10,
1.26984547254e-10,
1.24548345905e-10,
1.22174614175e-10,
1.19861345602e-10,
1.17606611189e-10,
1.15408555905e-10,
1.13265395376e-10,
1.11175412742e-10,
1.09136955672e-10,
1.07148433531e-10,
1.05208314691e-10,
1.03315123974e-10,
1.01467440223e-10,
9.96638939915e-11,
9.79031653454e-11,
9.61839817746e-11,
9.45051162025e-11,
9.2865385092e-11,
9.1263646642e-11,
8.96987990687e-11,
8.81697789688e-11,
8.66755597578e-11,
8.52151501827e-11,
8.37875929018e-11,
8.23919631305e-11,
8.10273673494e-11,
7.96929420696e-11
};
TGraph *grGSF_M1 = new TGraph(nGSF_ETable,adGSF_ETable,adGSF_M1);

double adGSF_E2[] = {
0,
0,
0,
0,
0,
0,
0,
0,
0,
0,
0,
0,
0,
0,
0,
0,
0,
0,
0,
0,
0,
0,
0,
0,
0,
0,
0,
0,
0,
0,
0,
0,
0,
0,
0,
0,
0,
0,
0,
0,
0,
0,
0,
0,
0,
0,
0,
0,
0,
0,
0,
0,
0,
0,
0,
0,
0,
0,
0,
0,
0,
0,
0,
0,
0,
0,
0,
0,
0,
0,
0,
0,
0,
0,
0,
0,
0,
0,
0,
0,
0,
0,
0,
0,
0,
0,
0,
0,
0,
0,
0,
0,
0,
0,
0,
0,
0,
0,
0,
0,
0,
0,
0,
0,
0,
0,
0,
0,
0,
0,
0,
0,
0,
0,
0,
0,
0,
0,
0,
0,
0,
0,
0,
0,
0,
0,
0,
0,
0,
0,
0,
0,
0,
0,
0,
0,
0,
0,
0,
0,
0,
0,
0,
0,
0,
0,
0,
0,
0,
0,
0,
0,
0,
0,
0,
0,
0,
0,
0,
0,
0,
0,
0,
0,
0,
0,
0,
0,
0,
0,
0,
0,
0,
0,
0,
0,
0,
0,
0,
0,
0,
0,
0,
0,
0,
0,
0,
0,
0,
0,
0,
0,
0,
0,
0,
0,
0,
0,
0,
0,
0,
0,
0,
0,
0,
0,
0,
0,
0,
0,
0,
0,
0,
0,
0,
0,
0,
0,
0,
0,
0,
0,
0,
0,
0,
0,
0,
0,
0,
0,
0,
0,
0,
0,
0,
0,
0,
0,
0,
0,
0,
0,
0,
0,
0,
0,
0,
0,
0,
0,
0
};
TGraph *grGSF_E2 = new TGraph(nGSF_ETable,adGSF_ETable,adGSF_E2);

