#Energy 	 NLD
1.046	58.6389
1.06291	63.13
1.07982	67.6209
1.09672	72.1114
1.11363	76.6016
1.13053	81.0915
1.14744	86.7095
1.16435	93.118
1.18125	99.5261
1.19816	105.934
1.21506	112.341
1.23197	118.747
1.24888	126.106
1.26578	133.926
1.28269	141.746
1.29959	149.565
1.3165	157.384
1.33341	165.201
1.35031	174.877
1.36722	185.146
1.38413	195.414
1.40103	205.681
1.41794	215.947
1.43484	226.212
1.45175	239.104
1.46866	252.485
1.48556	265.864
1.50247	279.242
1.51937	292.619
1.53628	305.994
1.55319	321.962
1.57009	338.129
1.587	354.295
1.60391	370.458
1.62081	386.62
1.63772	402.792
1.65462	419.854
1.67153	436.915
1.68844	453.973
1.70534	471.029
1.72225	488.083
1.73915	505.384
1.75606	524.987
1.77297	544.588
1.78987	564.185
1.80678	583.78
1.82368	603.373
1.84059	623.508
1.8575	646.08
1.8744	668.648
1.89131	691.214
1.90822	713.776
1.92512	736.335
1.94203	762.211
1.95893	797.161
1.97584	832.107
1.99275	867.048
2.00965	901.983
2.02656	936.913
2.04346	980.945
2.06037	1041.68
2.07728	1102.4
2.09418	1163.12
2.11109	1223.82
2.128	1284.52
2.1449	1354.66
2.16181	1436.93
2.17871	1519.2
2.19562	1601.44
2.21253	1683.68
2.22943	1765.9
2.24634	1856.45
2.26324	1954.6
2.28015	2052.74
2.29706	2150.85
2.31396	2248.95
2.33087	2347.03
2.34777	2451.33
2.36468	2559.62
2.38159	2667.9
2.39849	2776.16
2.4154	2884.4
2.43231	2992.62
2.44921	3107.34
2.46612	3224.93
2.48302	3342.5
2.49993	3460.05
2.51684	3577.58
2.53374	3695.08
2.55065	3825.74
2.56755	3960.15
2.58446	4094.52
2.60137	4228.87
2.61827	4363.19
2.63518	4497.49
2.65208	4649.52
2.66899	4804.36
2.6859	4959.17
2.7028	5113.94
2.71971	5268.68
2.73662	5423.39
2.75352	5629.81
2.77043	5839.05
2.78733	6048.24
2.80424	6257.4
2.82115	6466.5
2.83805	6677.36
2.85496	6941.51
2.87186	7205.6
2.88877	7469.63
2.90568	7733.61
2.92258	7997.53
2.93949	8270.07
2.9564	8607.63
2.9733	8945.12
2.99021	9282.54
3.00711	9619.88
3.02402	9957.14
3.04093	10314.1
3.05783	10748.8
3.07474	11183.4
3.09164	11617.8
3.10855	12052.2
3.12546	12486.5
3.14236	12948.1
3.15927	13477.5
3.17617	14006.8
3.19308	14536
3.20999	15065
3.22689	15594
3.2438	16184.2
3.26071	16877.8
3.27761	17571.2
3.29452	18264.4
3.31142	18957.5
3.32833	19650.4
3.34524	20411
3.36214	21251.9
3.37905	22092.6
3.39595	22933.1
3.41286	23773.4
3.42977	24613.4
3.44667	25562.6
3.46358	26603.6
3.48049	27644.3
3.49739	28684.8
3.5143	29725.1
3.5312	30765.1
3.54811	31988.4
3.56502	33320.3
3.58192	34652
3.59883	35983.3
3.61573	37314.2
3.63264	38644.9
3.64955	40197.4
3.66645	41839.1
3.68336	43480.4
3.70026	45121.3
3.71717	46761.9
3.73408	48401.9
3.75098	50450.3
3.76789	52601.8
3.7848	54752.8
3.8017	56903.2
3.81861	59053.1
3.83551	61202.5
3.85242	63843.3
3.86933	66549
3.88623	69254
3.90314	71958.3
3.92004	74662
3.93695	77364.9
3.95386	80785.8
3.97076	84229.9
3.98767	87673.2
4.00457	91115.6
4.02148	94557.1
4.03839	98049.7
4.05529	102482
4.0722	106912
4.08911	111342
4.10601	115770
4.12292	120197
4.13982	124766
4.15673	130234
4.17364	135701
4.19054	141166
4.20745	146629
4.22435	152091
4.24126	157890
4.25817	164870
4.27507	171848
4.29198	178824
4.30889	185798
4.32579	192770
4.3427	200270
4.3596	208961
4.37651	217649
4.39342	226335
4.41032	235019
4.42723	243700
4.44413	253311
4.46104	264362
4.47795	275410
4.49485	286455
4.51176	297496
4.52866	308535
4.54557	321132
4.56248	335434
4.57938	349732
4.59629	364026
4.6132	378316
4.6301	392602
4.64701	408939
4.66391	426870
4.68082	444797
4.69773	462718
4.71463	480634
4.73154	498546
4.74844	519913
4.76535	543161
4.78226	566402
4.79916	589636
4.81607	612863
4.83298	636085
4.84988	663962
4.86679	693535
4.88369	723099
4.9006	752656
4.91751	782204
4.93441	811743
4.95132	848431
4.96822	886707
4.98513	924973
5.00204	963227
5.01894	1.00147e+06
5.03585	1.0397e+06
5.05275	1.08923e+06
5.06966	1.13996e+06
5.08657	1.19068e+06
5.10347	1.24138e+06
5.12038	1.29463e+06
5.13729	1.35581e+06
5.15419	1.41697e+06
5.1711	1.47811e+06
5.188	1.53924e+06
5.20491	1.60763e+06
5.22182	1.68117e+06
5.23872	1.75469e+06
5.25563	1.8282e+06
5.27253	1.90168e+06
5.28944	1.98878e+06
5.30635	2.07694e+06
5.32325	2.16508e+06
5.34016	2.2532e+06
5.35706	2.34593e+06
5.37397	2.45137e+06
5.39088	2.55678e+06
5.40778	2.66217e+06
5.42469	2.76752e+06
5.4416	2.88527e+06
5.4585	3.01101e+06
5.47541	3.13672e+06
5.49231	3.26238e+06
5.50922	3.38801e+06
5.52613	3.5364e+06
5.54303	3.68596e+06
5.55994	3.83548e+06
5.57684	3.98496e+06
5.59375	4.14256e+06
5.61066	4.32008e+06
5.62756	4.49755e+06
5.64447	4.67496e+06
5.66138	4.85232e+06
5.67828	5.0504e+06
5.69519	5.26053e+06
5.71209	5.4706e+06
5.729	5.68061e+06
5.74591	5.89055e+06
5.76281	6.13774e+06
5.77972	6.3859e+06
5.79662	6.63399e+06
5.81353	6.882e+06
5.83044	7.14394e+06
5.84734	7.43644e+06
5.86425	7.72885e+06
5.88115	8.02117e+06
5.89806	8.3134e+06
5.91497	8.6395e+06
5.93187	8.98339e+06
5.94878	9.32717e+06
5.96569	9.67086e+06
5.98259	1.00144e+07
5.9995	1.04178e+07
6.0164	1.08212e+07
6.03331	1.12245e+07
6.05022	1.16277e+07
6.06712	1.20543e+07
6.08403	1.25268e+07
6.10093	1.29991e+07
6.11784	1.34713e+07
6.13475	1.39433e+07
6.15165	1.44697e+07
6.16856	1.50217e+07
6.18547	1.55736e+07
6.20237	1.61253e+07
6.21928	1.66786e+07
6.23618	1.73225e+07
6.25309	1.79662e+07
6.27	1.86096e+07
6.2869	1.92529e+07
6.30381	1.99344e+07
6.32071	2.06838e+07
6.33762	2.14329e+07
6.35453	2.21818e+07
6.37143	2.29305e+07
6.38834	2.37647e+07
6.40524	2.46351e+07
6.42215	2.55053e+07
6.43906	2.63752e+07
6.45596	2.72509e+07
6.47287	2.82605e+07
6.48978	2.92697e+07
6.50668	3.02786e+07
6.52359	3.12873e+07
6.54049	3.20403e+07
6.5574	3.23838e+07
6.57431	3.27272e+07
6.59121	3.30704e+07
6.60812	3.34136e+07
6.62502	3.37565e+07
6.64193	3.40994e+07
6.65884	3.44421e+07
6.67574	3.47847e+07
6.69265	3.51272e+07
6.70955	3.54695e+07
6.72646	3.58117e+07
6.74337	3.61538e+07
6.76027	3.64957e+07
6.77718	3.68375e+07
6.79409	3.71792e+07
6.81099	3.75207e+07
6.8279	3.78621e+07
6.8448	3.82034e+07
6.86171	3.85445e+07
6.87862	3.88855e+07
6.89552	3.92264e+07
6.91243	3.95671e+07
6.92933	3.99077e+07
6.94624	4.02481e+07
6.96315	4.05884e+07
6.98005	4.09286e+07
6.99696	4.12686e+07
7.01387	4.16085e+07
7.03077	4.19483e+07
7.04768	4.22879e+07
7.06458	4.26273e+07
7.08149	4.29666e+07
7.0984	4.33058e+07
7.1153	4.36449e+07
7.13221	4.39838e+07
7.14911	4.43225e+07
7.16602	4.46611e+07
7.18293	4.49996e+07
7.19983	4.53379e+07
7.21674	4.56761e+07
7.23364	4.60141e+07
7.25055	4.6352e+07
7.26746	4.66897e+07
7.28436	4.70273e+07
7.30127	4.73648e+07
7.31818	4.77021e+07
7.33508	4.80392e+07
7.35199	4.83762e+07
7.36889	4.87131e+07
7.3858	4.90498e+07
7.40271	4.93864e+07
7.41961	4.97228e+07
7.43652	5.0059e+07
7.45342	5.03951e+07
7.47033	5.07311e+07
7.48724	5.10669e+07
7.50414	5.14025e+07
7.52105	5.1738e+07
7.53796	5.20734e+07
7.55486	5.24086e+07
7.57177	5.27436e+07
7.58867	5.30785e+07
7.60558	5.34132e+07
7.62249	5.37478e+07
7.63939	5.40822e+07
7.6563	5.44165e+07
7.6732	5.47506e+07
7.69011	5.50845e+07
7.70702	5.54183e+07
7.72392	5.5752e+07
7.74083	5.60855e+07
7.75773	5.64188e+07
7.77464	5.67519e+07
7.79155	5.7085e+07
